contig	pos	var_type	allele_type	ref_seq	alt_seq	depth	allele_count	AF	allele_avgq	allele_avgmq	ref_fwd	ref_rev	alt_fwd	alt_rev	strand_bias_p	ts_tv	VCF_PASS	is_coding	gene	transcript_id	strand	codon_ref	codon_alt	aa_ref	aa_alt	codon_index	codon_pos	effect
ON023025.1	195	REF	ref	C		23	23	1.0	40.0	60.0	23	0						false										
ON023025.1	196	REF	ref	A		23	23	1.0	40.0	60.0	23	0						false										
ON023025.1	197	REF	ref	A		23	23	1.0	40.0	60.0	23	0						false										
ON023025.1	198	REF	ref	C		23	23	1.0	40.0	60.0	23	0						false										
ON023025.1	199	REF	ref	C		23	23	1.0	40.0	60.0	23	0						false										
ON023025.1	200	REF	ref	C		23	23	1.0	40.0	60.0	23	0						false										
ON023025.1	201	REF	ref	C		23	23	1.0	40.0	60.0	23	0						false										
ON023025.1	202	REF	ref	A		23	23	1.0	40.0	60.0	23	0						false										
ON023025.1	203	REF	ref	A		23	23	1.0	40.0	60.0	23	0						false										
ON023025.1	204	REF	ref	G		23	23	1.0	40.0	60.0	23	0						false										
ON023025.1	205	REF	ref	C		23	23	1.0	40.0	60.0	23	0						false										
ON023025.1	206	REF	ref	G		23	23	1.0	40.0	60.0	23	0						false										
ON023025.1	207	REF	ref	C		23	23	1.0	40.0	60.0	23	0						false										
ON023025.1	208	REF	ref	T		23	23	1.0	40.0	60.0	23	0						false										
ON023025.1	209	REF	ref	G		23	23	1.0	40.0	60.0	23	0						false										
ON023025.1	210	REF	ref	G		23	23	1.0	40.0	60.0	23	0						false										
ON023025.1	211	REF	ref	C		23	23	1.0	40.0	60.0	23	0						false										
ON023025.1	212	REF	ref	C		23	23	1.0	40.0	60.0	23	0						false										
ON023025.1	213	REF	ref	C		39	39	1.0	40.0	55.69230769230769	39	0						false										
ON023025.1	214	REF	ref	A		39	39	1.0	40.0	55.69230769230769	39	0						false										
ON023025.1	215	REF	ref	G		39	39	1.0	40.0	55.69230769230769	39	0						false										
ON023025.1	216	REF	ref	A		39	39	1.0	40.0	55.69230769230769	39	0						false										
ON023025.1	217	REF	ref	G		39	39	1.0	40.0	55.69230769230769	39	0						false										
ON023025.1	218	REF	ref	C		39	23	0.5897435897435898	40.0	60.0	23	0						false										
ON023025.1	218	SNV	alt	C	T	39	16	0.41025641025641024	40.0	49.5	23	0	16	0	1.0	Ts		false										
ON023025.1	219	REF	ref	C		39	39	1.0	40.0	55.69230769230769	39	0						false										
ON023025.1	220	REF	ref	A		39	39	1.0	40.0	55.69230769230769	39	0						false										
ON023025.1	221	REF	ref	A		39	39	1.0	40.0	55.69230769230769	39	0						false										
ON023025.1	222	REF	ref	C		39	39	1.0	40.0	55.69230769230769	39	0						false										
ON023025.1	223	REF	ref	C		39	39	1.0	40.0	55.69230769230769	39	0						false										
ON023025.1	224	REF	ref	C		39	39	1.0	40.0	55.69230769230769	39	0						false										
ON023025.1	225	REF	ref	T		39	39	1.0	40.0	55.69230769230769	39	0						false										
ON023025.1	226	REF	ref	A		39	39	1.0	40.0	55.69230769230769	39	0						false										
ON023025.1	227	REF	ref	A		39	39	1.0	39.58974358974359	55.69230769230769	39	0						false										
ON023025.1	228	REF	ref	T		39	39	1.0	40.0	55.69230769230769	39	0						false										
ON023025.1	229	REF	ref	T		39	39	1.0	40.0	55.69230769230769	39	0						false										
ON023025.1	230	REF	ref	C		39	39	1.0	40.0	55.69230769230769	39	0						false										
ON023025.1	231	REF	ref	C		39	39	1.0	40.0	55.69230769230769	39	0						false										
ON023025.1	232	REF	ref	G		39	39	1.0	40.0	55.69230769230769	39	0						false										
ON023025.1	233	REF	ref	G		39	39	1.0	40.0	55.69230769230769	39	0						false										
ON023025.1	234	REF	ref	A		39	39	1.0	40.0	55.69230769230769	39	0						false										
ON023025.1	235	REF	ref	A		39	39	1.0	40.0	55.69230769230769	39	0						false										
ON023025.1	236	REF	ref	G		39	39	1.0	40.0	55.69230769230769	39	0						false										
ON023025.1	237	REF	ref	T		39	39	1.0	40.0	55.69230769230769	39	0						false										
ON023025.1	238	REF	ref	C		39	39	1.0	40.0	55.69230769230769	39	0						false										
ON023025.1	239	REF	ref	C		39	39	1.0	39.58974358974359	55.69230769230769	39	0						false										
ON023025.1	240	REF	ref	C		39	39	1.0	40.0	55.69230769230769	39	0						false										
ON023025.1	241	REF	ref	G		39	39	1.0	40.0	55.69230769230769	39	0						false										
ON023025.1	242	REF	ref	C		39	39	1.0	40.0	55.69230769230769	39	0						false										
ON023025.1	243	REF	ref	C		39	39	1.0	40.0	55.69230769230769	39	0						false										
ON023025.1	244	REF	ref	C		39	39	1.0	40.0	55.69230769230769	39	0						false										
ON023025.1	245	REF	ref	A		39	39	1.0	40.0	55.69230769230769	39	0						false										
ON023025.1	246	REF	ref	C		39	39	1.0	40.0	55.69230769230769	39	0						false										
ON023025.1	247	REF	ref	C		38	38	1.0	40.0	55.578947368421055	38	0						false										
ON023025.1	248	REF	ref	G		39	39	1.0	40.0	55.69230769230769	39	0						false										
ON023025.1	249	REF	ref	G		39	39	1.0	40.0	55.69230769230769	39	0						false										
ON023025.1	250	REF	ref	A		39	39	1.0	40.0	55.69230769230769	39	0						false										
ON023025.1	251	REF	ref	A		39	39	1.0	40.0	55.69230769230769	39	0						false										
ON023025.1	252	REF	ref	G		39	39	1.0	40.0	55.69230769230769	39	0						false										
ON023025.1	253	REF	ref	T		39	39	1.0	39.58974358974359	55.69230769230769	39	0						false										
ON023025.1	254	REF	ref	G		39	39	1.0	40.0	55.69230769230769	39	0						false										
ON023025.1	255	REF	ref	A		39	39	1.0	40.0	55.69230769230769	39	0						false										
ON023025.1	256	REF	ref	C		39	39	1.0	40.0	55.69230769230769	39	0						false										
ON023025.1	257	REF	ref	G		39	39	1.0	40.0	55.69230769230769	39	0						false										
ON023025.1	258	REF	ref	T		39	23	0.5897435897435898	40.0	60.0	23	0						false										
ON023025.1	258	SNV	alt	T	C	39	16	0.41025641025641024	40.0	49.5	23	0	16	0	1.0	Ts		false										
ON023025.1	259	REF	ref	C		39	39	1.0	40.0	55.69230769230769	39	0						false										
ON023025.1	260	REF	ref	A		39	39	1.0	39.58974358974359	55.69230769230769	39	0						false										
ON023025.1	261	REF	ref	C		39	39	1.0	38.35897435897436	55.69230769230769	39	0						false										
ON023025.1	262	REF	ref	A		39	39	1.0	40.0	55.69230769230769	39	0						false										
ON023025.1	263	REF	ref	G		39	39	1.0	40.0	55.69230769230769	39	0						false										
ON023025.1	264	REF	ref	G		39	39	1.0	40.0	55.69230769230769	39	0						false										
ON023025.1	265	REF	ref	A		39	39	1.0	40.0	55.69230769230769	39	0						false										
ON023025.1	266	REF	ref	A		39	39	1.0	39.58974358974359	55.69230769230769	39	0						false										
ON023025.1	267	REF	ref	A		39	39	1.0	40.0	55.69230769230769	39	0						false										
ON023025.1	268	REF	ref	T		39	39	1.0	40.0	55.69230769230769	39	0						false										
ON023025.1	269	REF	ref	G		39	39	1.0	40.0	55.69230769230769	39	0						false										
ON023025.1	270	REF	ref	A		39	39	1.0	40.0	55.69230769230769	39	0						false										
ON023025.1	271	REF	ref	C		39	39	1.0	40.0	55.69230769230769	39	0						false										
ON023025.1	272	REF	ref	G		39	39	1.0	40.0	55.69230769230769	39	0						false										
ON023025.1	273	REF	ref	T		39	39	1.0	39.58974358974359	55.69230769230769	39	0						false										
ON023025.1	274	REF	ref	C		39	39	1.0	40.0	55.69230769230769	39	0						false										
ON023025.1	275	REF	ref	A		39	39	1.0	40.0	55.69230769230769	39	0						false										
ON023025.1	276	REF	ref	C		39	39	1.0	37.53846153846154	55.69230769230769	39	0						false										
ON023025.1	277	REF	ref	A		39	39	1.0	39.58974358974359	55.69230769230769	39	0						false										
ON023025.1	278	REF	ref	G		39	39	1.0	40.0	55.69230769230769	39	0						false										
ON023025.1	279	REF	ref	G		39	39	1.0	40.0	55.69230769230769	39	0						false										
ON023025.1	280	REF	ref	A		39	39	1.0	40.0	55.69230769230769	39	0						false										
ON023025.1	281	REF	ref	A		39	39	1.0	40.0	55.69230769230769	39	0						false										
ON023025.1	282	REF	ref	A		39	39	1.0	40.0	55.69230769230769	39	0						false										
ON023025.1	283	REF	ref	T		39	39	1.0	39.58974358974359	55.69230769230769	39	0						false										
ON023025.1	284	REF	ref	G		39	39	1.0	56.41025641025641	57.84615384615385	31	8						false										
ON023025.1	285	REF	ref	A		39	39	1.0	56.41025641025641	57.84615384615385	31	8						false										
ON023025.1	286	REF	ref	C		39	39	1.0	56.41025641025641	57.84615384615385	31	8						false										
ON023025.1	287	REF	ref	G		39	39	1.0	56.41025641025641	57.84615384615385	31	8						false										
ON023025.1	288	REF	ref	T		39	39	1.0	56.41025641025641	57.84615384615385	31	8						false										
ON023025.1	289	REF	ref	A		39	39	1.0	56.41025641025641	57.84615384615385	31	8						false										
ON023025.1	290	REF	ref	G		39	39	1.0	56.41025641025641	57.84615384615385	31	8						false										
ON023025.1	291	REF	ref	T		39	0	0.0			0	0						false										
ON023025.1	291	SNV	alt	T	C	39	39	1.0	56.41025641025641	57.84615384615385	0	0	31	8	1.0	Ts		false										
ON023025.1	292	REF	ref	T		39	39	1.0	56.41025641025641	57.84615384615385	31	8						false										
ON023025.1	293	REF	ref	G		39	39	1.0	56.41025641025641	57.84615384615385	31	8						false										
ON023025.1	294	REF	ref	T		39	39	1.0	56.0	57.84615384615385	31	8						false										
ON023025.1	295	REF	ref	C		39	39	1.0	56.41025641025641	57.84615384615385	31	8						false										
ON023025.1	296	REF	ref	C		39	39	1.0	56.41025641025641	57.84615384615385	31	8						false										
ON023025.1	297	REF	ref	G		39	39	1.0	56.41025641025641	57.84615384615385	31	8						false										
ON023025.1	298	REF	ref	C		39	39	1.0	56.41025641025641	57.84615384615385	31	8						false										
ON023025.1	299	REF	ref	C		39	39	1.0	56.41025641025641	57.84615384615385	31	8						false										
ON023025.1	300	REF	ref	A		39	39	1.0	56.41025641025641	57.84615384615385	31	8						false										
ON023025.1	301	REF	ref	T		38	38	1.0	56.8421052631579	57.78947368421053	30	8						false										
ON023025.1	302	REF	ref	C		39	39	1.0	56.41025641025641	57.84615384615385	31	8						false										
ON023025.1	303	REF	ref	T		39	39	1.0	56.41025641025641	57.84615384615385	31	8						false										
ON023025.1	304	REF	ref	T		39	39	1.0	56.41025641025641	57.84615384615385	31	8						false										
ON023025.1	305	REF	ref	G		39	39	1.0	56.41025641025641	57.84615384615385	31	8						false										
ON023025.1	306	REF	ref	T		39	39	1.0	56.41025641025641	57.84615384615385	31	8						false										
ON023025.1	307	REF	ref	A		39	39	1.0	56.41025641025641	57.84615384615385	31	8						false										
ON023025.1	308	REF	ref	C		39	39	1.0	56.41025641025641	57.84615384615385	31	8						false										
ON023025.1	309	REF	ref	C		39	39	1.0	56.41025641025641	57.84615384615385	31	8						false										
ON023025.1	310	REF	ref	G		35	35	1.0	58.285714285714285	57.6	27	8						false										
ON023025.1	311	REF	ref	G		35	35	1.0	58.285714285714285	57.6	27	8						false										
ON023025.1	312	REF	ref	A		35	35	1.0	58.285714285714285	57.6	27	8						false										
ON023025.1	313	REF	ref	A		35	35	1.0	58.285714285714285	57.6	27	8						false										
ON023025.1	314	REF	ref	G		35	35	1.0	58.285714285714285	57.6	27	8						false										
ON023025.1	315	REF	ref	T		35	35	1.0	58.285714285714285	57.6	27	8						false										
ON023025.1	316	REF	ref	C		35	35	1.0	58.285714285714285	57.6	27	8						false										
ON023025.1	317	REF	ref	C		35	35	1.0	58.285714285714285	57.6	27	8						false										
ON023025.1	318	REF	ref	C		35	35	1.0	58.285714285714285	57.6	27	8						false										
ON023025.1	319	REF	ref	G		35	35	1.0	58.285714285714285	57.6	27	8						false										
ON023025.1	320	REF	ref	C		35	35	1.0	58.285714285714285	57.6	27	8						false										
ON023025.1	321	REF	ref	C		35	35	1.0	58.285714285714285	57.6	27	8						false										
ON023025.1	322	REF	ref	T		35	35	1.0	58.285714285714285	57.6	27	8						false										
ON023025.1	323	REF	ref	A		35	35	1.0	58.285714285714285	57.6	27	8						false										
ON023025.1	324	REF	ref	C		35	35	1.0	57.82857142857143	57.6	27	8						false										
ON023025.1	325	REF	ref	C		35	35	1.0	58.285714285714285	57.6	27	8						false										
ON023025.1	326	REF	ref	G		35	35	1.0	57.82857142857143	57.6	27	8						false										
ON023025.1	327	REF	ref	G		35	35	1.0	58.285714285714285	57.6	27	8						false										
ON023025.1	328	REF	ref	C		35	35	1.0	57.82857142857143	57.6	27	8						false										
ON023025.1	329	REF	ref	G		35	35	1.0	54.628571428571426	57.6	27	8						false										
ON023025.1	330	REF	ref	G		35	35	1.0	58.285714285714285	57.6	27	8						false										
ON023025.1	331	REF	ref	C		35	35	1.0	58.285714285714285	57.6	27	8						false										
ON023025.1	332	REF	ref	G		35	35	1.0	58.285714285714285	57.6	27	8						false										
ON023025.1	333	REF	ref	A		35	35	1.0	58.285714285714285	57.6	27	8						false										
ON023025.1	334	REF	ref	C		35	35	1.0	57.4	57.6	27	8						false										
ON023025.1	335	REF	ref	C		35	35	1.0	58.285714285714285	57.6	27	8						false										
ON023025.1	336	REF	ref	G		35	35	1.0	57.82857142857143	57.6	27	8						false										
ON023025.1	337	REF	ref	G		34	34	1.0	58.8235294117647	57.529411764705884	26	8						false										
ON023025.1	338	REF	ref	C		35	35	1.0	57.82857142857143	57.6	27	8						false										
ON023025.1	339	REF	ref	G		44	44	1.0	54.54545454545455	58.09090909090909	36	8						false										
ON023025.1	340	REF	ref	G		44	44	1.0	54.54545454545455	58.09090909090909	36	8						false										
ON023025.1	341	REF	ref	C		25	25	1.0	64.36	56.64	17	8						false										
ON023025.1	342	REF	ref	A		25	25	1.0	65.6	56.64	17	8						false										
ON023025.1	343	REF	ref	T		25	25	1.0	65.6	56.64	17	8						false										
ON023025.1	344	REF	ref	C		25	25	1.0	64.32	56.64	17	8						false										
ON023025.1	345	REF	ref	T		25	25	1.0	65.6	56.64	17	8						false										
ON023025.1	346	REF	ref	G		44	44	1.0	54.54545454545455	58.09090909090909	36	8						false										
ON023025.1	347	REF	ref	A		41	41	1.0	54.4390243902439	57.951219512195124	33	8						false										
ON023025.1	348	REF	ref	T		43	43	1.0	54.51162790697674	58.04651162790697	35	8						false										
ON023025.1	349	REF	ref	T		42	42	1.0	54.476190476190474	58.0	34	8						false										
ON023025.1	350	REF	ref	T		44	44	1.0	54.18181818181818	58.09090909090909	36	8						false										
ON023025.1	351	REF	ref	G		44	44	1.0	54.18181818181818	58.09090909090909	36	8						false										
ON023025.1	352	REF	ref	G		44	44	1.0	54.54545454545455	58.09090909090909	36	8						false										
ON023025.1	353	REF	ref	T		44	43	0.9772727272727273	39.627906976744185	60.0	27	16						false										
ON023025.1	353	SNV	alt	T	C	44	1	0.022727272727272728	40.0	60.0	27	16	1	0	0.9999999999999917	Ts		false										
ON023025.1	354	REF	ref	G		44	44	1.0	39.63636363636363	60.0	28	16						false										
ON023025.1	355	REF	ref	T		48	48	1.0	40.0	60.0	28	20						false										
ON023025.1	356	REF	ref	C		48	48	1.0	39.666666666666664	60.0	28	20						false										
ON023025.1	357	REF	ref	T		48	48	1.0	39.0	60.0	28	20						false										
ON023025.1	358	REF	ref	T		48	48	1.0	39.666666666666664	60.0	28	20						false										
ON023025.1	359	REF	ref	C		48	48	1.0	40.0	60.0	28	20						false										
ON023025.1	360	REF	ref	T		48	48	1.0	40.0	60.0	28	20						false										
ON023025.1	361	REF	ref	T		48	48	1.0	39.0	60.0	28	20						false										
ON023025.1	362	REF	ref	T		48	48	1.0	39.666666666666664	60.0	28	20						false										
ON023025.1	363	REF	ref	T		48	48	1.0	40.0	60.0	28	20						false										
ON023025.1	364	REF	ref	A		48	48	1.0	39.666666666666664	60.0	28	20						false										
ON023025.1	365	REF	ref	A		48	48	1.0	40.0	60.0	28	20						false										
ON023025.1	366	REF	ref	A		47	47	1.0	39.659574468085104	60.0	27	20						false										
ON023025.1	367	REF	ref	T		48	48	1.0	39.333333333333336	60.0	28	20						false										
ON023025.1	368	REF	ref	T		48	48	1.0	40.0	60.0	28	20						false										
ON023025.1	369	REF	ref	T		48	48	1.0	40.0	60.0	28	20						false										
ON023025.1	370	REF	ref	T		48	48	1.0	40.0	60.0	28	20						false										
ON023025.1	371	REF	ref	C		48	48	1.0	40.0	60.0	28	20						false										
ON023025.1	372	REF	ref	G		48	48	1.0	40.0	60.0	28	20						false										
ON023025.1	373	REF	ref	C		48	48	1.0	39.333333333333336	60.0	28	20						false										
ON023025.1	374	REF	ref	G		48	48	1.0	39.666666666666664	60.0	28	20						false										
ON023025.1	375	REF	ref	G		48	48	1.0	38.333333333333336	60.0	28	20						false										
ON023025.1	376	REF	ref	G		48	48	1.0	40.0	60.0	28	20						false										
ON023025.1	377	REF	ref	C		48	48	1.0	40.0	60.0	28	20						false										
ON023025.1	378	REF	ref	T		47	47	1.0	40.0	60.0	28	19						false										
ON023025.1	379	REF	ref	T		48	48	1.0	40.0	60.0	28	20						false										
ON023025.1	380	REF	ref	T		48	48	1.0	40.0	60.0	28	20						false										
ON023025.1	381	REF	ref	T		48	48	1.0	39.666666666666664	60.0	28	20						false										
ON023025.1	382	REF	ref	T		48	48	1.0	40.0	60.0	28	20						false										
ON023025.1	383	REF	ref	T		48	48	1.0	39.666666666666664	60.0	28	20						false										
ON023025.1	384	REF	ref	C		48	48	1.0	40.0	60.0	28	20						false										
ON023025.1	385	REF	ref	C		48	48	1.0	40.0	60.0	28	20						false										
ON023025.1	386	REF	ref	C		48	48	1.0	40.0	60.0	28	20						false										
ON023025.1	387	REF	ref	G		48	48	1.0	40.0	60.0	28	20						false										
ON023025.1	388	REF	ref	C		48	48	1.0	40.0	60.0	28	20						false										
ON023025.1	389	REF	ref	C		48	48	1.0	40.0	60.0	28	20						false										
ON023025.1	390	REF	ref	T		48	48	1.0	41.666666666666664	60.0	27	21						false										
ON023025.1	391	REF	ref	T		48	47	0.9791666666666666	41.702127659574465	60.0	27	20						false										
ON023025.1	391	SNV	alt	T	G	48	1	0.020833333333333332	24.0	60.0	27	20	0	1	0.43749999999999756	Tv		false										
ON023025.1	392	REF	ref	A		48	48	1.0	40.666666666666664	60.0	27	21						false										
ON023025.1	393	REF	ref	T		47	47	1.0	41.702127659574465	60.0	27	20						false										
ON023025.1	394	REF	ref	G		48	48	1.0	41.333333333333336	60.0	27	21						false										
ON023025.1	395	REF	ref	C		48	48	1.0	41.0	60.0	27	21						false										
ON023025.1	396	REF	ref	A		48	48	1.0	41.333333333333336	60.0	27	21						false										
ON023025.1	397	REF	ref	A		48	48	1.0	41.333333333333336	60.0	27	21						false										
ON023025.1	398	REF	ref	A		47	47	1.0	40.680851063829785	60.0	26	21						false										
ON023025.1	399	REF	ref	T		48	48	1.0	41.666666666666664	60.0	27	21						false										
ON023025.1	400	REF	ref	A		48	48	1.0	41.666666666666664	60.0	27	21						false										
ON023025.1	401	REF	ref	A		47	47	1.0	41.702127659574465	60.0	26	21						false										
ON023025.1	402	REF	ref	C		47	47	1.0	41.702127659574465	60.0	27	20						false										
ON023025.1	403	REF	ref	C		48	48	1.0	41.666666666666664	60.0	27	21						false										
ON023025.1	404	REF	ref	T		48	48	1.0	41.666666666666664	60.0	27	21						false										
ON023025.1	405	REF	ref	G		48	48	1.0	41.666666666666664	60.0	27	21						false										
ON023025.1	406	REF	ref	C		48	48	1.0	41.666666666666664	60.0	27	21						false										
ON023025.1	407	REF	ref	C		48	48	1.0	41.666666666666664	60.0	27	21						false										
ON023025.1	408	REF	ref	A		47	47	1.0	41.702127659574465	60.0	26	21						false										
ON023025.1	409	REF	ref	T		48	48	1.0	41.333333333333336	60.0	27	21						false										
ON023025.1	410	REF	ref	G		48	48	1.0	41.333333333333336	60.0	27	21						false										
ON023025.1	411	REF	ref	T		48	48	1.0	41.666666666666664	60.0	27	21						false										
ON023025.1	412	REF	ref	T		48	48	1.0	41.666666666666664	60.0	27	21						false										
ON023025.1	413	REF	ref	T		48	48	1.0	41.666666666666664	60.0	27	21						false										
ON023025.1	414	REF	ref	G		48	48	1.0	41.666666666666664	60.0	27	21						false										
ON023025.1	415	REF	ref	A		48	48	1.0	41.333333333333336	60.0	27	21						false										
ON023025.1	416	REF	ref	T		48	48	1.0	41.666666666666664	60.0	27	21						false										
ON023025.1	417	REF	ref	G		48	48	1.0	41.666666666666664	60.0	27	21						false										
ON023025.1	418	REF	ref	C		48	48	1.0	41.333333333333336	60.0	27	21						false										
ON023025.1	419	REF	ref	T		48	48	1.0	41.666666666666664	60.0	27	21						false										
ON023025.1	420	REF	ref	T		48	48	1.0	41.666666666666664	60.0	27	21						false										
ON023025.1	421	REF	ref	T		48	48	1.0	41.666666666666664	60.0	27	21						false										
ON023025.1	422	REF	ref	A		48	48	1.0	41.333333333333336	60.0	27	21						false										
ON023025.1	423	REF	ref	T		48	48	1.0	41.666666666666664	60.0	27	21						false										
ON023025.1	424	REF	ref	T		48	48	1.0	41.666666666666664	60.0	27	21						false										
ON023025.1	425	REF	ref	T		48	48	1.0	41.333333333333336	60.0	27	21						false										
ON023025.1	426	REF	ref	T		48	48	1.0	41.666666666666664	60.0	27	21						false										
ON023025.1	427	REF	ref	A		48	48	1.0	41.0	60.0	27	21						false										
ON023025.1	428	REF	ref	A		48	48	1.0	41.666666666666664	60.0	27	21						false										
ON023025.1	429	REF	ref	T		48	48	1.0	41.666666666666664	60.0	27	21						false										
ON023025.1	430	REF	ref	T		48	48	1.0	41.333333333333336	60.0	27	21						false										
ON023025.1	431	REF	ref	T		48	48	1.0	41.666666666666664	60.0	27	21						false										
ON023025.1	432	REF	ref	G		48	48	1.0	41.666666666666664	60.0	27	21						false										
ON023025.1	433	REF	ref	A		48	48	1.0	41.666666666666664	60.0	27	21						false										
ON023025.1	434	REF	ref	T		48	48	1.0	41.333333333333336	60.0	27	21						false										
ON023025.1	435	REF	ref	T		32	32	1.0	42.5	60.0	27	5						false										
ON023025.1	436	REF	ref	G		47	47	1.0	41.702127659574465	60.0	27	20						false										
ON023025.1	437	REF	ref	G		47	47	1.0	41.361702127659576	60.0	27	20						false										
ON023025.1	438	REF	ref	A		47	47	1.0	41.361702127659576	60.0	27	20						false										
ON023025.1	439	REF	ref	C		47	47	1.0	41.361702127659576	60.0	27	20						false										
ON023025.1	440	REF	ref	A		47	47	1.0	41.702127659574465	60.0	27	20						false										
ON023025.1	441	REF	ref	A		46	46	1.0	41.391304347826086	60.0	26	20						false										
ON023025.1	442	REF	ref	A		47	47	1.0	41.702127659574465	60.0	27	20						false										
ON023025.1	443	REF	ref	A		47	47	1.0	41.361702127659576	60.0	27	20						false										
ON023025.1	444	REF	ref	A		47	47	1.0	41.702127659574465	60.0	27	20						false										
ON023025.1	445	REF	ref	C		47	0	0.0			0	0						false										
ON023025.1	445	SNV	alt	C	A	47	47	1.0	41.702127659574465	60.0	0	0	27	20	1.0	Tv		false										
ON023025.1	446	REF	ref	T		47	47	1.0	41.361702127659576	60.0	27	20						false										
ON023025.1	447	REF	ref	T		47	47	1.0	41.702127659574465	60.0	27	20						false										
ON023025.1	448	REF	ref	A		47	47	1.0	41.702127659574465	60.0	27	20						false										
ON023025.1	449	REF	ref	A		47	47	1.0	41.361702127659576	60.0	27	20						false										
ON023025.1	450	REF	ref	C		47	47	1.0	41.702127659574465	60.0	27	20						false										
ON023025.1	451	REF	ref	G		47	47	1.0	41.702127659574465	60.0	27	20						false										
ON023025.1	452	REF	ref	G		47	47	1.0	41.702127659574465	60.0	27	20						false										
ON023025.1	453	REF	ref	T		47	47	1.0	41.361702127659576	60.0	27	20						false										
ON023025.1	454	REF	ref	T		47	47	1.0	41.702127659574465	60.0	27	20						false										
ON023025.1	455	REF	ref	T		47	47	1.0	41.702127659574465	60.0	27	20						false										
ON023025.1	456	REF	ref	T		47	47	1.0	41.702127659574465	60.0	27	20						false										
ON023025.1	457	REF	ref	T		47	47	1.0	41.361702127659576	60.0	27	20						false										
ON023025.1	458	REF	ref	A		47	47	1.0	41.361702127659576	60.0	27	20						false										
ON023025.1	459	REF	ref	T		47	47	1.0	41.02127659574468	60.0	27	20						false										
ON023025.1	460	REF	ref	G		47	47	1.0	41.361702127659576	60.0	27	20						false										
ON023025.1	461	REF	ref	G		47	47	1.0	41.702127659574465	60.0	27	20						false										
ON023025.1	462	REF	ref	G		47	47	1.0	40.340425531914896	60.0	27	20						false										
ON023025.1	463	REF	ref	C		47	0	0.0			0	0						false										
ON023025.1	463	SNV	alt	C	T	47	47	1.0	41.702127659574465	60.0	0	0	27	20	1.0	Ts		false										
ON023025.1	464	REF	ref	G		47	47	1.0	41.702127659574465	60.0	27	20						false										
ON023025.1	465	REF	ref	G		47	47	1.0	41.702127659574465	60.0	27	20						false										
ON023025.1	466	REF	ref	A		47	47	1.0	41.702127659574465	60.0	27	20						false										
ON023025.1	467	REF	ref	G		52	52	1.0	41.53846153846154	60.0	32	20						false										
ON023025.1	468	REF	ref	T		52	0	0.0			0	0						false										
ON023025.1	468	SNV	alt	T	C	52	52	1.0	40.92307692307692	60.0	0	0	32	20	1.0	Ts		false										
ON023025.1	469	REF	ref	T		52	52	1.0	41.53846153846154	60.0	32	20						false										
ON023025.1	470	REF	ref	A		52	52	1.0	41.53846153846154	60.0	32	20						false										
ON023025.1	471	REF	ref	C		52	52	1.0	41.53846153846154	60.0	32	20						false										
ON023025.1	472	REF	ref	G		52	52	1.0	41.53846153846154	60.0	32	20						false										
ON023025.1	473	REF	ref	C		52	52	1.0	41.23076923076923	60.0	32	20						false										
ON023025.1	474	REF	ref	A		52	52	1.0	41.53846153846154	60.0	32	20						false										
ON023025.1	475	REF	ref	T		52	52	1.0	41.53846153846154	60.0	32	20						false										
ON023025.1	476	REF	ref	G		52	52	1.0	40.92307692307692	60.0	32	20						false										
ON023025.1	477	REF	ref	G		52	52	1.0	41.53846153846154	60.0	32	20						false										
ON023025.1	478	REF	ref	T		52	52	1.0	41.53846153846154	60.0	32	20						false										
ON023025.1	479	REF	ref	A		52	52	1.0	40.92307692307692	60.0	32	20						false										
ON023025.1	480	REF	ref	T		52	52	1.0	41.23076923076923	60.0	32	20						false										
ON023025.1	481	REF	ref	A		52	52	1.0	40.61538461538461	60.0	32	20						false										
ON023025.1	482	REF	ref	T		52	52	1.0	41.53846153846154	60.0	32	20						false										
ON023025.1	483	REF	ref	A		52	52	1.0	41.23076923076923	60.0	32	20						false										
ON023025.1	484	REF	ref	A		52	52	1.0	41.53846153846154	60.0	32	20						false										
ON023025.1	485	REF	ref	G		52	52	1.0	41.23076923076923	60.0	32	20						false										
ON023025.1	486	REF	ref	C		52	52	1.0	41.53846153846154	60.0	32	20						false										
ON023025.1	487	REF	ref	A		52	52	1.0	41.53846153846154	60.0	32	20						false										
ON023025.1	488	REF	ref	G		71	71	1.0	40.901408450704224	60.0	32	39						false										
ON023025.1	489	REF	ref	A		71	0	0.0			0	0						false										
ON023025.1	489	SNV	alt	A	G	71	71	1.0	40.67605633802817	60.0	0	0	32	39	1.0	Ts		false										
ON023025.1	490	REF	ref	T		62	62	1.0	41.29032258064516	60.0	23	39						false										
ON023025.1	491	REF	ref	G		61	61	1.0	41.31147540983606	60.0	22	39						false										
ON023025.1	492	REF	ref	A		62	62	1.0	41.29032258064516	60.0	23	39						false										
ON023025.1	493	REF	ref	A		62	62	1.0	41.29032258064516	60.0	23	39						false										
ON023025.1	494	REF	ref	T		62	62	1.0	40.516129032258064	60.0	23	39						false										
ON023025.1	495	REF	ref	T		62	62	1.0	40.774193548387096	60.0	23	39						false										
ON023025.1	496	REF	ref	C		62	0	0.0			0	0						false										
ON023025.1	496	SNV	alt	C	T	62	62	1.0	41.03225806451613	60.0	0	0	23	39	1.0	Ts		false										
ON023025.1	497	REF	ref	T		45	45	1.0	39.644444444444446	60.0	5	40						false										
ON023025.1	498	REF	ref	G		45	45	1.0	40.0	60.0	5	40						false										
ON023025.1	499	REF	ref	T		45	45	1.0	39.644444444444446	60.0	5	40						false										
ON023025.1	500	REF	ref	A		45	45	1.0	39.644444444444446	60.0	5	40						false										
ON023025.1	501	REF	ref	C		45	0	0.0			0	0						false										
ON023025.1	501	SNV	alt	C	A	45	45	1.0	39.644444444444446	60.0	0	0	5	40	1.0	Tv		false										
ON023025.1	502	REF	ref	A		44	44	1.0	40.0	60.0	5	39						false										
ON023025.1	503	REF	ref	A		44	44	1.0	39.63636363636363	60.0	5	39						false										
ON023025.1	504	REF	ref	C		45	45	1.0	39.28888888888889	60.0	5	40						false										
ON023025.1	505	REF	ref	T		44	44	1.0	39.63636363636363	60.0	5	39						false										
ON023025.1	506	REF	ref	T		41	41	1.0	40.0	60.0	5	36						false										
ON023025.1	507	REF	ref	T		41	41	1.0	40.0	60.0	5	36						false										
ON023025.1	508	REF	ref	C		41	41	1.0	40.0	60.0	5	36						false										
ON023025.1	509	REF	ref	T		41	41	1.0	40.0	60.0	5	36						false										
ON023025.1	510	REF	ref	T		41	41	1.0	40.0	60.0	5	36						false										
ON023025.1	511	REF	ref	T		41	41	1.0	40.0	60.0	5	36						false										
ON023025.1	512	REF	ref	C		41	41	1.0	40.0	60.0	5	36						false										
ON023025.1	513	REF	ref	C		41	41	1.0	40.0	60.0	5	36						false										
ON023025.1	514	REF	ref	T		41	41	1.0	40.0	60.0	5	36						false										
ON023025.1	515	REF	ref	G		41	41	1.0	40.0	60.0	5	36						false										
ON023025.1	516	REF	ref	G		41	41	1.0	40.0	60.0	5	36						false										
ON023025.1	517	REF	ref	C		41	41	1.0	40.0	60.0	5	36						false										
ON023025.1	518	REF	ref	T		41	41	1.0	40.0	60.0	5	36						false										
ON023025.1	519	REF	ref	G		41	41	1.0	39.609756097560975	60.0	5	36						false										
ON023025.1	520	REF	ref	C		41	41	1.0	40.0	60.0	5	36						false										
ON023025.1	521	REF	ref	T		41	41	1.0	40.0	60.0	5	36						false										
ON023025.1	522	REF	ref	T		41	41	1.0	40.0	60.0	5	36						false										
ON023025.1	523	REF	ref	T		41	41	1.0	40.0	60.0	5	36						false										
ON023025.1	524	REF	ref	T		41	41	1.0	40.0	60.0	5	36						false										
ON023025.1	525	REF	ref	T		41	41	1.0	40.0	60.0	5	36						false										
ON023025.1	526	REF	ref	A		41	41	1.0	40.0	60.0	5	36						false										
ON023025.1	527	REF	ref	C		41	41	1.0	40.0	60.0	5	36						false										
ON023025.1	528	REF	ref	T		41	41	1.0	39.609756097560975	60.0	5	36						false										
ON023025.1	529	REF	ref	G		41	41	1.0	40.0	60.0	5	36						false										
ON023025.1	530	REF	ref	G		41	41	1.0	40.0	60.0	5	36						false										
ON023025.1	531	REF	ref	G		50	50	1.0	47.2	59.28	10	40						false										
ON023025.1	532	REF	ref	A		50	50	1.0	47.2	59.28	10	40						false										
ON023025.1	533	REF	ref	A		50	50	1.0	47.2	59.28	10	40						false										
ON023025.1	534	REF	ref	T		50	50	1.0	47.2	59.28	10	40						false										
ON023025.1	535	REF	ref	A		50	50	1.0	47.2	59.28	10	40						false										
ON023025.1	536	REF	ref	A		50	50	1.0	46.56	59.28	10	40						false										
ON023025.1	537	REF	ref	C		50	50	1.0	47.2	59.28	10	40						false										
ON023025.1	538	REF	ref	T		50	50	1.0	47.2	59.28	10	40						false										
ON023025.1	539	REF	ref	T		50	50	1.0	47.2	59.28	10	40						false										
ON023025.1	540	REF	ref	G		50	50	1.0	47.2	59.28	10	40						false										
ON023025.1	541	REF	ref	C		48	48	1.0	47.5	59.25	10	38						false										
ON023025.1	542	REF	ref	T		48	48	1.0	47.5	59.25	10	38						false										
ON023025.1	543	REF	ref	G		48	48	1.0	47.166666666666664	59.25	10	38						false										
ON023025.1	544	REF	ref	T		48	48	1.0	47.5	59.25	10	38						false										
ON023025.1	545	REF	ref	T		48	48	1.0	47.5	59.25	10	38						false										
ON023025.1	546	REF	ref	A		48	48	1.0	47.166666666666664	59.25	10	38						false										
ON023025.1	547	REF	ref	T		48	48	1.0	47.5	59.25	10	38						false										
ON023025.1	548	REF	ref	T		48	48	1.0	47.5	59.25	10	38						false										
ON023025.1	549	REF	ref	T		48	48	1.0	47.5	59.25	10	38						false										
ON023025.1	550	REF	ref	G		48	48	1.0	47.5	59.25	10	38						false										
ON023025.1	551	REF	ref	C		48	48	1.0	47.5	59.25	10	38						false										
ON023025.1	552	REF	ref	C		48	48	1.0	47.5	59.25	10	38						false										
ON023025.1	553	REF	ref	T		48	48	1.0	47.166666666666664	59.25	10	38						false										
ON023025.1	554	REF	ref	G		48	48	1.0	47.166666666666664	59.25	10	38						false										
ON023025.1	555	REF	ref	C		48	48	1.0	47.5	59.25	10	38						false										
ON023025.1	556	REF	ref	T		48	48	1.0	47.166666666666664	59.25	10	38						false										
ON023025.1	557	REF	ref	A		48	48	1.0	47.5	59.25	10	38						false										
ON023025.1	558	REF	ref	A		48	48	1.0	47.5	59.25	10	38						false										
ON023025.1	559	REF	ref	T		48	48	1.0	47.5	59.25	10	38						false										
ON023025.1	560	REF	ref	T		48	48	1.0	47.5	59.25	10	38						false										
ON023025.1	561	REF	ref	A		47	47	1.0	47.659574468085104	59.234042553191486	10	37						false										
ON023025.1	562	REF	ref	A		48	48	1.0	47.5	59.25	10	38						false										
ON023025.1	563	REF	ref	C		48	48	1.0	47.5	59.25	10	38						false										
ON023025.1	564	REF	ref	A		48	48	1.0	47.5	59.25	10	38						false										
ON023025.1	565	REF	ref	G		48	48	1.0	47.5	59.25	10	38						false										
ON023025.1	566	REF	ref	G		48	48	1.0	47.5	59.25	10	38						false										
ON023025.1	567	REF	ref	T		48	48	1.0	47.5	59.25	10	38						false										
ON023025.1	568	REF	ref	A		48	48	1.0	47.5	59.25	10	38						false										
ON023025.1	569	REF	ref	T		48	48	1.0	47.5	59.25	10	38						false										
ON023025.1	570	REF	ref	T		48	48	1.0	47.5	59.25	10	38						false										
ON023025.1	571	REF	ref	T		48	48	1.0	47.5	59.25	10	38						false										
ON023025.1	572	REF	ref	A		48	48	1.0	47.5	59.25	10	38						false										
ON023025.1	573	REF	ref	T		48	48	1.0	47.5	59.25	10	38						false										
ON023025.1	574	REF	ref	A		48	48	1.0	47.5	59.25	10	38						false										
ON023025.1	575	REF	ref	C		48	48	1.0	47.5	59.25	10	38						false										
ON023025.1	576	REF	ref	T		48	48	1.0	47.5	59.25	10	38						false										
ON023025.1	577	REF	ref	A		48	48	1.0	47.5	59.25	10	38						false										
ON023025.1	578	REF	ref	A		48	48	1.0	47.5	59.25	10	38						false										
ON023025.1	579	REF	ref	C		48	48	1.0	47.5	59.25	10	38						false										
ON023025.1	580	REF	ref	T		53	53	1.0	50.56603773584906	59.18867924528302	14	39						false										
ON023025.1	581	REF	ref	T		53	53	1.0	50.56603773584906	59.18867924528302	14	39						false										
ON023025.1	582	REF	ref	T		53	53	1.0	50.264150943396224	59.18867924528302	14	39						false										
ON023025.1	583	REF	ref	T		52	52	1.0	50.76923076923077	59.17307692307692	14	38						false										
ON023025.1	584	REF	ref	A		53	53	1.0	49.9622641509434	59.18867924528302	14	39						false										
ON023025.1	585	REF	ref	A		53	53	1.0	49.9622641509434	59.18867924528302	14	39						false										
ON023025.1	586	REF	ref	T		53	53	1.0	50.56603773584906	59.18867924528302	14	39						false										
ON023025.1	587	REF	ref	T		55	55	1.0	50.18181818181818	59.21818181818182	14	41						false										
ON023025.1	588	REF	ref	T		55	55	1.0	50.18181818181818	59.21818181818182	14	41						false										
ON023025.1	589	REF	ref	A		55	55	1.0	50.18181818181818	59.21818181818182	14	41						false										
ON023025.1	590	REF	ref	C		55	55	1.0	49.6	59.21818181818182	14	41						false										
ON023025.1	591	REF	ref	T		55	55	1.0	49.89090909090909	59.21818181818182	14	41						false										
ON023025.1	592	REF	ref	A		55	55	1.0	49.89090909090909	59.21818181818182	14	41						false										
ON023025.1	593	REF	ref	A		55	55	1.0	49.6	59.21818181818182	14	41						false										
ON023025.1	594	REF	ref	C		64	64	1.0	48.5	59.328125	14	50						false										
ON023025.1	595	REF	ref	A		64	64	1.0	48.75	59.328125	14	50						false										
ON023025.1	596	REF	ref	T		64	64	1.0	48.75	59.328125	14	50						false										
ON023025.1	597	REF	ref	G		64	64	1.0	48.0	59.328125	14	50						false										
ON023025.1	598	REF	ref	G		64	64	1.0	48.75	59.328125	14	50						false										
ON023025.1	599	REF	ref	A		64	64	1.0	48.75	59.328125	14	50						false										
ON023025.1	600	REF	ref	G		64	64	1.0	48.75	59.328125	14	50						false										
ON023025.1	601	REF	ref	C		64	64	1.0	48.25	59.328125	14	50						false										
ON023025.1	602	REF	ref	T		64	64	1.0	48.5	59.328125	14	50						false										
ON023025.1	603	REF	ref	A		64	64	1.0	48.75	59.328125	14	50						false										
ON023025.1	604	REF	ref	T		64	64	1.0	48.5	59.328125	14	50						false										
ON023025.1	605	REF	ref	T		64	64	1.0	48.5	59.328125	14	50						false										
ON023025.1	606	REF	ref	T		64	64	1.0	48.5	59.328125	14	50						false										
ON023025.1	607	REF	ref	A		64	64	1.0	48.5	59.328125	14	50						false										
ON023025.1	608	REF	ref	G		64	64	1.0	46.5	59.328125	14	50						false										
ON023025.1	609	REF	ref	G		64	64	1.0	48.75	59.328125	14	50						false										
ON023025.1	610	REF	ref	G		64	64	1.0	48.75	59.328125	14	50						false										
ON023025.1	611	REF	ref	G		64	64	1.0	48.75	59.328125	14	50						false										
ON023025.1	612	REF	ref	T		64	64	1.0	48.5	59.328125	14	50						false										
ON023025.1	613	REF	ref	G		64	64	1.0	48.75	59.328125	14	50						false										
ON023025.1	614	REF	ref	T		64	64	1.0	48.75	59.328125	14	50						false										
ON023025.1	615	REF	ref	G		64	64	1.0	48.75	59.328125	14	50						false										
ON023025.1	616	REF	ref	C		64	1	0.015625	40.0	60.0	0	1						false										
ON023025.1	616	SNV	alt	C	T	64	63	0.984375	48.63492063492063	59.317460317460316	0	1	14	49	0.9999999999999671	Ts		true	NS1	gene-NS1	+	CTG	TTG	L	L	8	1	synonymous
ON023025.1	617	REF	ref	T		64	64	1.0	48.75	59.328125	14	50						false										
ON023025.1	618	REF	ref	G		59	59	1.0	49.49152542372882	59.271186440677965	9	50						false										
ON023025.1	619	REF	ref	C		59	59	1.0	49.49152542372882	59.271186440677965	9	50						false										
ON023025.1	620	REF	ref	A		59	59	1.0	49.49152542372882	59.271186440677965	9	50						false										
ON023025.1	621	REF	ref	T		59	59	1.0	49.49152542372882	59.271186440677965	9	50						false										
ON023025.1	622	REF	ref	A		59	59	1.0	49.49152542372882	59.271186440677965	9	50						false										
ON023025.1	623	REF	ref	T		59	59	1.0	49.49152542372882	59.271186440677965	9	50						false										
ON023025.1	624	REF	ref	T		65	65	1.0	48.61538461538461	59.33846153846154	15	50						false										
ON023025.1	625	REF	ref	T		64	64	1.0	48.5	59.328125	14	50						false										
ON023025.1	626	REF	ref	C		65	65	1.0	48.36923076923077	59.33846153846154	15	50						false										
ON023025.1	627	REF	ref	C		65	65	1.0	48.61538461538461	59.33846153846154	15	50						false										
ON023025.1	628	REF	ref	T		65	65	1.0	48.36923076923077	59.33846153846154	15	50						false										
ON023025.1	629	REF	ref	C		65	65	1.0	48.61538461538461	59.33846153846154	15	50						false										
ON023025.1	630	REF	ref	T		65	65	1.0	48.61538461538461	59.33846153846154	15	50						false										
ON023025.1	631	REF	ref	A		65	65	1.0	48.36923076923077	59.33846153846154	15	50						false										
ON023025.1	632	REF	ref	A		65	65	1.0	48.61538461538461	59.33846153846154	15	50						false										
ON023025.1	633	REF	ref	C		65	65	1.0	48.36923076923077	59.33846153846154	15	50						false										
ON023025.1	634	REF	ref	A		65	65	1.0	48.61538461538461	59.33846153846154	15	50						false										
ON023025.1	635	REF	ref	T		75	75	1.0	47.46666666666667	59.42666666666667	25	50						false										
ON023025.1	636	REF	ref	T		75	75	1.0	47.46666666666667	59.42666666666667	25	50						false										
ON023025.1	637	REF	ref	T		75	75	1.0	46.82666666666667	59.42666666666667	25	50						false										
ON023025.1	638	REF	ref	T		75	75	1.0	46.82666666666667	59.42666666666667	25	50						false										
ON023025.1	639	REF	ref	A		56	56	1.0	50.0	59.232142857142854	25	31						false										
ON023025.1	640	REF	ref	G		56	56	1.0	49.714285714285715	59.232142857142854	25	31						false										
ON023025.1	641	REF	ref	A		56	56	1.0	50.0	59.232142857142854	25	31						false										
ON023025.1	642	REF	ref	C		56	56	1.0	49.714285714285715	59.232142857142854	25	31						false										
ON023025.1	643	REF	ref	T		56	56	1.0	50.0	59.232142857142854	25	31						false										
ON023025.1	644	REF	ref	G		56	56	1.0	50.0	59.232142857142854	25	31						false										
ON023025.1	645	REF	ref	C		56	0	0.0			0	0						false										
ON023025.1	645	SNV	alt	C	T	56	56	1.0	50.0	59.232142857142854	0	0	25	31	1.0	Ts		true	NS1	gene-NS1	+	TGC	TGT	C	C	17	3	synonymous
ON023025.1	646	REF	ref	G		56	56	1.0	50.0	59.232142857142854	25	31						false										
ON023025.1	647	REF	ref	C		56	56	1.0	50.0	59.232142857142854	25	31						false										
ON023025.1	648	REF	ref	T		56	56	1.0	50.0	59.232142857142854	25	31						false										
ON023025.1	649	REF	ref	A		56	56	1.0	50.0	59.232142857142854	25	31						false										
ON023025.1	650	REF	ref	A		56	56	1.0	50.0	59.232142857142854	25	31						false										
ON023025.1	651	REF	ref	T		56	56	1.0	50.0	59.232142857142854	25	31						false										
ON023025.1	652	REF	ref	G		56	56	1.0	50.0	59.232142857142854	25	31						false										
ON023025.1	653	REF	ref	A		56	56	1.0	50.0	59.232142857142854	25	31						false										
ON023025.1	654	REF	ref	T		56	56	1.0	50.0	59.232142857142854	25	31						false										
ON023025.1	655	REF	ref	A		56	56	1.0	50.0	59.232142857142854	25	31						false										
ON023025.1	656	REF	ref	A		56	56	1.0	49.714285714285715	59.232142857142854	25	31						false										
ON023025.1	657	REF	ref	C		56	56	1.0	50.0	59.232142857142854	25	31						false										
ON023025.1	658	REF	ref	T		55	55	1.0	49.89090909090909	59.21818181818182	25	30						false										
ON023025.1	659	REF	ref	G		56	56	1.0	50.0	59.232142857142854	25	31						false										
ON023025.1	660	REF	ref	G		56	56	1.0	49.42857142857143	59.232142857142854	25	31						false										
ON023025.1	661	REF	ref	T		56	56	1.0	50.0	59.232142857142854	25	31						false										
ON023025.1	662	REF	ref	G		56	56	1.0	50.0	59.232142857142854	25	31						false										
ON023025.1	663	REF	ref	G		56	56	1.0	50.0	59.232142857142854	25	31						false										
ON023025.1	664	REF	ref	T		56	56	1.0	50.0	59.232142857142854	25	31						false										
ON023025.1	665	REF	ref	G		56	56	1.0	50.0	59.232142857142854	25	31						false										
ON023025.1	666	REF	ref	C		56	56	1.0	50.0	59.232142857142854	25	31						false										
ON023025.1	667	REF	ref	T		56	56	1.0	50.0	59.232142857142854	25	31						false										
ON023025.1	668	REF	ref	C		56	56	1.0	49.714285714285715	59.232142857142854	25	31						false										
ON023025.1	669	REF	ref	T		47	47	1.0	44.255319148936174	59.851063829787236	20	27						false										
ON023025.1	670	REF	ref	A		47	47	1.0	44.255319148936174	59.851063829787236	20	27						false										
ON023025.1	671	REF	ref	T		47	47	1.0	43.91489361702128	59.851063829787236	20	27						false										
ON023025.1	672	REF	ref	G		47	47	1.0	43.91489361702128	59.851063829787236	20	27						false										
ON023025.1	673	REF	ref	C		47	47	1.0	44.255319148936174	59.851063829787236	20	27						false										
ON023025.1	674	REF	ref	T		47	47	1.0	44.255319148936174	59.851063829787236	20	27						false										
ON023025.1	675	REF	ref	G		47	47	1.0	44.255319148936174	59.851063829787236	20	27						false										
ON023025.1	676	REF	ref	G		47	47	1.0	44.255319148936174	59.851063829787236	20	27						false										
ON023025.1	677	REF	ref	A		47	47	1.0	44.255319148936174	59.851063829787236	20	27						false										
ON023025.1	678	REF	ref	T		47	47	1.0	44.255319148936174	59.851063829787236	20	27						false										
ON023025.1	679	REF	ref	T		47	47	1.0	43.91489361702128	59.851063829787236	20	27						false										
ON023025.1	680	REF	ref	T		47	47	1.0	49.02127659574468	59.851063829787236	18	29						false										
ON023025.1	681	REF	ref	A		52	52	1.0	48.46153846153846	59.86538461538461	18	34						false										
ON023025.1	682	REF	ref	G		52	52	1.0	48.46153846153846	59.86538461538461	18	34						false										
ON023025.1	683	REF	ref	A		52	52	1.0	48.15384615384615	59.86538461538461	18	34						false										
ON023025.1	684	REF	ref	T		52	52	1.0	48.15384615384615	59.86538461538461	18	34						false										
ON023025.1	685	REF	ref	A		52	52	1.0	48.46153846153846	59.86538461538461	18	34						false										
ON023025.1	686	REF	ref	C		52	52	1.0	48.15384615384615	59.86538461538461	18	34						false										
ON023025.1	687	REF	ref	T		52	52	1.0	48.15384615384615	59.86538461538461	18	34						false										
ON023025.1	688	REF	ref	T		52	52	1.0	47.84615384615385	59.86538461538461	18	34						false										
ON023025.1	689	REF	ref	C		52	52	1.0	48.46153846153846	59.86538461538461	18	34						false										
ON023025.1	690	REF	ref	T		52	52	1.0	48.46153846153846	59.86538461538461	18	34						false										
ON023025.1	691	REF	ref	G		52	52	1.0	48.46153846153846	59.86538461538461	18	34						false										
ON023025.1	692	REF	ref	A		51	51	1.0	48.627450980392155	59.86274509803921	18	33						false										
ON023025.1	693	REF	ref	C		52	52	1.0	48.46153846153846	59.86538461538461	18	34						false										
ON023025.1	694	REF	ref	T		52	52	1.0	48.15384615384615	59.86538461538461	18	34						false										
ON023025.1	695	REF	ref	G		52	52	1.0	48.46153846153846	59.86538461538461	18	34						false										
ON023025.1	696	REF	ref	G		52	52	1.0	48.46153846153846	59.86538461538461	18	34						false										
ON023025.1	697	REF	ref	G		52	52	1.0	48.46153846153846	59.86538461538461	18	34						false										
ON023025.1	698	REF	ref	A		52	52	1.0	48.15384615384615	59.86538461538461	18	34						false										
ON023025.1	699	REF	ref	A		52	52	1.0	48.15384615384615	59.86538461538461	18	34						false										
ON023025.1	700	REF	ref	C		52	52	1.0	48.15384615384615	59.86538461538461	18	34						false										
ON023025.1	701	REF	ref	C		51	51	1.0	48.627450980392155	59.86274509803921	18	33						false										
ON023025.1	702	REF	ref	A		52	52	1.0	48.15384615384615	59.86538461538461	18	34						false										
ON023025.1	703	REF	ref	C		52	52	1.0	47.84615384615385	59.86538461538461	18	34						false										
ON023025.1	704	REF	ref	T		52	52	1.0	48.15384615384615	59.86538461538461	18	34						false										
ON023025.1	705	REF	ref	A		52	52	1.0	48.15384615384615	59.86538461538461	18	34						false										
ON023025.1	706	REF	ref	A		52	52	1.0	48.46153846153846	59.86538461538461	18	34						false										
ON023025.1	707	REF	ref	C		52	52	1.0	48.46153846153846	59.86538461538461	18	34						false										
ON023025.1	708	REF	ref	T		52	52	1.0	48.46153846153846	59.86538461538461	18	34						false										
ON023025.1	709	REF	ref	C		52	52	1.0	48.46153846153846	59.86538461538461	18	34						false										
ON023025.1	710	REF	ref	A		52	52	1.0	48.15384615384615	59.86538461538461	18	34						false										
ON023025.1	711	REF	ref	C		52	0	0.0			0	0						false										
ON023025.1	711	SNV	alt	C	T	52	52	1.0	48.46153846153846	59.86538461538461	0	0	18	34	1.0	Ts		true	NS1	gene-NS1	+	CAC	CAT	H	H	39	3	synonymous
ON023025.1	712	REF	ref	T		52	52	1.0	48.15384615384615	59.86538461538461	18	34						false										
ON023025.1	713	REF	ref	C		56	56	1.0	50.714285714285715	59.392857142857146	19	37						false										
ON023025.1	714	REF	ref	T		56	56	1.0	50.714285714285715	59.392857142857146	19	37						false										
ON023025.1	715	REF	ref	A		56	56	1.0	50.714285714285715	59.392857142857146	19	37						false										
ON023025.1	716	REF	ref	A		56	56	1.0	50.142857142857146	59.392857142857146	19	37						false										
ON023025.1	717	REF	ref	C		56	56	1.0	50.42857142857143	59.392857142857146	19	37						false										
ON023025.1	718	REF	ref	A		56	56	1.0	50.714285714285715	59.392857142857146	19	37						false										
ON023025.1	719	REF	ref	G		56	56	1.0	50.714285714285715	59.392857142857146	19	37						false										
ON023025.1	720	REF	ref	A		56	56	1.0	50.714285714285715	59.392857142857146	19	37						false										
ON023025.1	721	REF	ref	C		56	56	1.0	50.714285714285715	59.392857142857146	19	37						false										
ON023025.1	722	REF	ref	T		56	56	1.0	50.42857142857143	59.392857142857146	19	37						false										
ON023025.1	723	REF	ref	A		56	56	1.0	50.42857142857143	59.392857142857146	19	37						false										
ON023025.1	724	REF	ref	A		56	56	1.0	50.714285714285715	59.392857142857146	19	37						false										
ON023025.1	725	REF	ref	T		56	56	1.0	50.42857142857143	59.392857142857146	19	37						false										
ON023025.1	726	REF	ref	G		56	56	1.0	50.714285714285715	59.392857142857146	19	37						false										
ON023025.1	727	REF	ref	G		55	55	1.0	50.90909090909091	59.38181818181818	19	36						false										
ON023025.1	728	REF	ref	C		51	51	1.0	47.529411764705884	59.470588235294116	15	36						false										
ON023025.1	729	REF	ref	A		51	50	0.9803921568627451	47.68	59.46	15	35						false										
ON023025.1	729	SNV	alt	A	G	51	1	0.0196078431372549	24.0	60.0	15	35	0	1	1.0	Ts		true	NS1	gene-NS1	+	GCA	GCG	A	A	45	3	synonymous
ON023025.1	730	REF	ref	A		51	51	1.0	47.84313725490196	59.470588235294116	15	36						false										
ON023025.1	731	REF	ref	T		51	51	1.0	47.84313725490196	59.470588235294116	15	36						false										
ON023025.1	732	REF	ref	A		51	51	1.0	47.529411764705884	59.470588235294116	15	36						false										
ON023025.1	733	REF	ref	T		50	50	1.0	47.36	59.46	15	35						false										
ON023025.1	734	REF	ref	A		51	51	1.0	47.84313725490196	59.470588235294116	15	36						false										
ON023025.1	735	REF	ref	T		50	50	1.0	47.68	59.46	15	35						false										
ON023025.1	736	REF	ref	T		50	50	1.0	47.36	59.46	15	35						false										
ON023025.1	737	REF	ref	T		51	51	1.0	46.6078431372549	59.470588235294116	15	36						false										
ON023025.1	738	REF	ref	A		34	34	1.0	51.76470588235294	59.205882352941174	15	19						false										
ON023025.1	739	REF	ref	A		41	41	1.0	49.75609756097561	59.34146341463415	22	19						false										
ON023025.1	740	REF	ref	G		41	41	1.0	49.75609756097561	59.34146341463415	22	19						false										
ON023025.1	741	REF	ref	T		41	41	1.0	49.75609756097561	59.34146341463415	22	19						false										
ON023025.1	742	REF	ref	A		41	41	1.0	49.75609756097561	59.34146341463415	22	19						false										
ON023025.1	743	REF	ref	A		41	41	1.0	49.75609756097561	59.34146341463415	22	19						false										
ON023025.1	744	REF	ref	T		41	41	1.0	49.75609756097561	59.34146341463415	22	19						false										
ON023025.1	745	REF	ref	G		32	32	1.0	52.5	59.15625	22	10						false										
ON023025.1	746	REF	ref	T		32	32	1.0	52.5	59.15625	22	10						false										
ON023025.1	747	REF	ref	T		31	31	1.0	52.903225806451616	59.12903225806452	21	10						false										
ON023025.1	748	REF	ref	G		32	32	1.0	52.5	59.15625	22	10						false										
ON023025.1	749	REF	ref	C		32	32	1.0	52.5	59.15625	22	10						false										
ON023025.1	750	REF	ref	T		32	32	1.0	52.5	59.15625	22	10						false										
ON023025.1	751	REF	ref	T		32	32	1.0	52.5	59.15625	22	10						false										
ON023025.1	752	REF	ref	C		32	32	1.0	52.5	59.15625	22	10						false										
ON023025.1	753	REF	ref	T		32	32	1.0	52.5	59.15625	22	10						false										
ON023025.1	754	REF	ref	A		32	32	1.0	52.5	59.15625	22	10						false										
ON023025.1	755	REF	ref	A		32	32	1.0	52.5	59.15625	22	10						false										
ON023025.1	756	REF	ref	A		32	32	1.0	52.5	59.15625	22	10						false										
ON023025.1	757	REF	ref	C		32	32	1.0	52.5	59.15625	22	10						false										
ON023025.1	758	REF	ref	T		32	32	1.0	52.5	59.15625	22	10						false										
ON023025.1	759	REF	ref	A		32	0	0.0			0	0						false										
ON023025.1	759	SNV	alt	A	G	32	32	1.0	52.5	59.15625	0	0	22	10	1.0	Ts		true	NS1	gene-NS1	+	CTA	CTG	L	L	55	3	synonymous
ON023025.1	760	REF	ref	G		32	32	1.0	52.5	59.15625	22	10						false										
ON023025.1	761	REF	ref	A		32	32	1.0	52.5	59.15625	22	10						false										
ON023025.1	762	REF	ref	T		32	32	1.0	52.5	59.15625	22	10						false										
ON023025.1	763	REF	ref	T		32	32	1.0	52.0	59.15625	22	10						false										
ON023025.1	764	REF	ref	T		32	32	1.0	52.0	59.15625	22	10						false										
ON023025.1	765	REF	ref	T		32	32	1.0	52.5	59.15625	22	10						false										
ON023025.1	766	REF	ref	A		32	32	1.0	52.0	59.15625	22	10						false										
ON023025.1	767	REF	ref	C		32	32	1.0	52.5	59.15625	22	10						false										
ON023025.1	768	REF	ref	T		32	32	1.0	52.5	59.15625	22	10						false										
ON023025.1	769	REF	ref	G		32	32	1.0	52.5	59.15625	22	10						false										
ON023025.1	770	REF	ref	G		41	41	1.0	49.36585365853659	57.8780487804878	31	10						false										
ON023025.1	771	REF	ref	G		41	41	1.0	49.75609756097561	57.8780487804878	31	10						false										
ON023025.1	772	REF	ref	G		41	41	1.0	49.75609756097561	57.8780487804878	31	10						false										
ON023025.1	773	REF	ref	G		41	41	1.0	49.75609756097561	57.8780487804878	31	10						false										
ON023025.1	774	REF	ref	G		41	41	1.0	49.36585365853659	57.8780487804878	31	10						false										
ON023025.1	775	REF	ref	C		41	41	1.0	43.90243902439025	57.8780487804878	27	14						false										
ON023025.1	776	REF	ref	C		41	41	1.0	43.51219512195122	57.8780487804878	27	14						false										
ON023025.1	777	REF	ref	G		41	41	1.0	43.1219512195122	57.8780487804878	27	14						false										
ON023025.1	778	REF	ref	C		41	41	1.0	43.90243902439025	57.8780487804878	27	14						false										
ON023025.1	779	REF	ref	T		41	41	1.0	43.90243902439025	57.8780487804878	27	14						false										
ON023025.1	780	REF	ref	G		41	41	1.0	43.90243902439025	57.8780487804878	27	14						false										
ON023025.1	781	REF	ref	G		41	41	1.0	43.90243902439025	57.8780487804878	27	14						false										
ON023025.1	782	REF	ref	C		41	41	1.0	43.90243902439025	57.8780487804878	27	14						false										
ON023025.1	783	REF	ref	G		41	41	1.0	43.90243902439025	57.8780487804878	27	14						false										
ON023025.1	784	REF	ref	G		41	41	1.0	43.90243902439025	57.8780487804878	27	14						false										
ON023025.1	785	REF	ref	G		41	41	1.0	43.90243902439025	57.8780487804878	27	14						false										
ON023025.1	786	REF	ref	T		31	31	1.0	45.16129032258065	57.193548387096776	17	14						false										
ON023025.1	787	REF	ref	T		31	31	1.0	45.16129032258065	57.193548387096776	17	14						false										
ON023025.1	788	REF	ref	G		31	31	1.0	45.16129032258065	57.193548387096776	17	14						false										
ON023025.1	789	REF	ref	C		31	31	1.0	45.16129032258065	57.193548387096776	17	14						false										
ON023025.1	790	REF	ref	T		31	31	1.0	45.16129032258065	57.193548387096776	17	14						false										
ON023025.1	791	REF	ref	T		31	31	1.0	45.16129032258065	57.193548387096776	17	14						false										
ON023025.1	792	REF	ref	A		31	31	1.0	45.16129032258065	57.193548387096776	17	14						false										
ON023025.1	793	REF	ref	T		31	31	1.0	44.645161290322584	57.193548387096776	17	14						false										
ON023025.1	794	REF	ref	A		31	31	1.0	45.16129032258065	57.193548387096776	17	14						false										
ON023025.1	795	REF	ref	T		31	0	0.0			0	0						false										
ON023025.1	795	SNV	alt	T	C	31	31	1.0	45.16129032258065	57.193548387096776	0	0	17	14	1.0	Ts		true	NS1	gene-NS1	+	TAT	TAC	Y	Y	67	3	synonymous
ON023025.1	796	REF	ref	T		31	31	1.0	45.16129032258065	57.193548387096776	17	14						false										
ON023025.1	797	REF	ref	T		31	31	1.0	45.16129032258065	57.193548387096776	17	14						false										
ON023025.1	798	REF	ref	T		31	31	1.0	45.16129032258065	57.193548387096776	17	14						false										
ON023025.1	799	REF	ref	T		31	31	1.0	45.16129032258065	57.193548387096776	17	14						false										
ON023025.1	800	REF	ref	T		31	31	1.0	45.16129032258065	57.193548387096776	17	14						false										
ON023025.1	801	REF	ref	T		31	31	1.0	44.645161290322584	57.193548387096776	17	14						false										
ON023025.1	802	REF	ref	C		31	31	1.0	45.16129032258065	57.193548387096776	17	14						false										
ON023025.1	803	REF	ref	A		31	31	1.0	45.16129032258065	57.193548387096776	17	14						false										
ON023025.1	804	REF	ref	G		31	31	1.0	44.645161290322584	57.193548387096776	17	14						false										
ON023025.1	805	REF	ref	G		31	31	1.0	45.16129032258065	57.193548387096776	17	14						false										
ON023025.1	806	REF	ref	T		31	31	1.0	45.16129032258065	57.193548387096776	17	14						false										
ON023025.1	807	REF	ref	G		31	31	1.0	45.16129032258065	57.193548387096776	17	14						false										
ON023025.1	808	REF	ref	G		31	31	1.0	56.774193548387096	58.74193548387097	12	19						false										
ON023025.1	809	REF	ref	A		31	31	1.0	56.774193548387096	58.74193548387097	12	19						false										
ON023025.1	810	REF	ref	A		31	31	1.0	56.774193548387096	58.74193548387097	12	19						false										
ON023025.1	811	REF	ref	T		31	31	1.0	56.774193548387096	58.74193548387097	12	19						false										
ON023025.1	812	REF	ref	G		31	31	1.0	56.774193548387096	58.74193548387097	12	19						false										
ON023025.1	813	REF	ref	C		31	0	0.0			0	0						false										
ON023025.1	813	SNV	alt	C	T	31	31	1.0	56.774193548387096	58.74193548387097	0	0	12	19	1.0	Ts		true	NS1	gene-NS1	+	TGC	TGT	C	C	73	3	synonymous
ON023025.1	814	REF	ref	A		31	31	1.0	56.774193548387096	58.74193548387097	12	19						false										
ON023025.1	815	REF	ref	A		31	31	1.0	56.774193548387096	58.74193548387097	12	19						false										
ON023025.1	816	REF	ref	C		31	31	1.0	56.774193548387096	58.74193548387097	12	19						false										
ON023025.1	817	REF	ref	A		31	31	1.0	56.774193548387096	58.74193548387097	12	19						false										
ON023025.1	818	REF	ref	A		31	31	1.0	56.774193548387096	58.74193548387097	12	19						false										
ON023025.1	819	REF	ref	A		34	34	1.0	55.294117647058826	58.85294117647059	15	19						false										
ON023025.1	820	REF	ref	T		34	34	1.0	55.294117647058826	58.85294117647059	15	19						false										
ON023025.1	821	REF	ref	T		34	34	1.0	54.8235294117647	58.85294117647059	15	19						false										
ON023025.1	822	REF	ref	T		34	34	1.0	55.294117647058826	58.85294117647059	15	19						false										
ON023025.1	823	REF	ref	G		34	34	1.0	55.294117647058826	58.85294117647059	15	19						false										
ON023025.1	824	REF	ref	A		34	34	1.0	55.294117647058826	58.85294117647059	15	19						false										
ON023025.1	825	REF	ref	G		34	34	1.0	55.294117647058826	58.85294117647059	15	19						false										
ON023025.1	826	REF	ref	G		34	34	1.0	55.294117647058826	58.85294117647059	15	19						false										
ON023025.1	827	REF	ref	A		34	34	1.0	55.294117647058826	58.85294117647059	15	19						false										
ON023025.1	828	REF	ref	A		34	34	1.0	55.294117647058826	58.85294117647059	15	19						false										
ON023025.1	829	REF	ref	G		34	34	1.0	55.294117647058826	58.85294117647059	15	19						false										
ON023025.1	830	REF	ref	G		34	34	1.0	55.294117647058826	58.85294117647059	15	19						false										
ON023025.1	831	REF	ref	C		28	28	1.0	58.57142857142857	58.607142857142854	15	13						false										
ON023025.1	832	REF	ref	T		23	23	1.0	62.608695652173914	58.30434782608695	15	8						false										
ON023025.1	833	REF	ref	A		23	23	1.0	62.608695652173914	58.30434782608695	15	8						false										
ON023025.1	834	REF	ref	C		23	23	1.0	62.608695652173914	58.30434782608695	15	8						false										
ON023025.1	835	REF	ref	C		23	23	1.0	62.608695652173914	58.30434782608695	15	8						false										
ON023025.1	836	REF	ref	A		23	23	1.0	62.608695652173914	58.30434782608695	15	8						false										
ON023025.1	837	REF	ref	T		23	23	1.0	62.608695652173914	58.30434782608695	15	8						false										
ON023025.1	838	REF	ref	A		23	23	1.0	61.91304347826087	58.30434782608695	15	8						false										
ON023025.1	839	REF	ref	T		23	23	1.0	62.608695652173914	58.30434782608695	15	8						false										
ON023025.1	840	REF	ref	T		23	23	1.0	62.608695652173914	58.30434782608695	15	8						false										
ON023025.1	841	REF	ref	C		23	23	1.0	62.608695652173914	58.30434782608695	15	8						false										
ON023025.1	842	REF	ref	A		23	23	1.0	62.608695652173914	58.30434782608695	15	8						false										
ON023025.1	843	REF	ref	T		23	23	1.0	62.608695652173914	58.30434782608695	15	8						false										
ON023025.1	844	REF	ref	G		23	23	1.0	62.608695652173914	58.30434782608695	15	8						false										
ON023025.1	845	REF	ref	T		23	23	1.0	62.608695652173914	58.30434782608695	15	8						false										
ON023025.1	846	REF	ref	A		23	23	1.0	62.608695652173914	58.30434782608695	15	8						false										
ON023025.1	847	REF	ref	G		23	23	1.0	62.608695652173914	58.30434782608695	15	8						false										
ON023025.1	848	REF	ref	T		23	23	1.0	62.608695652173914	58.30434782608695	15	8						false										
ON023025.1	849	REF	ref	T		23	23	1.0	62.608695652173914	58.30434782608695	15	8						false										
ON023025.1	850	REF	ref	A		23	23	1.0	62.608695652173914	58.30434782608695	15	8						false										
ON023025.1	851	REF	ref	T		23	23	1.0	62.608695652173914	58.30434782608695	15	8						false										
ON023025.1	852	REF	ref	T		33	33	1.0	55.75757575757576	58.81818181818182	15	18						false										
ON023025.1	853	REF	ref	G		33	33	1.0	55.75757575757576	58.81818181818182	15	18						false										
ON023025.1	854	REF	ref	G		29	29	1.0	52.41379310344828	59.58620689655172	14	15						false										
ON023025.1	855	REF	ref	T		29	29	1.0	52.41379310344828	59.58620689655172	14	15						false										
ON023025.1	856	REF	ref	G		29	29	1.0	52.41379310344828	59.58620689655172	14	15						false										
ON023025.1	857	REF	ref	G		29	29	1.0	52.41379310344828	59.58620689655172	14	15						false										
ON023025.1	858	REF	ref	T		29	29	1.0	51.86206896551724	59.58620689655172	14	15						false										
ON023025.1	859	REF	ref	C		29	29	1.0	51.86206896551724	59.58620689655172	14	15						false										
ON023025.1	860	REF	ref	C		29	29	1.0	52.41379310344828	59.58620689655172	14	15						false										
ON023025.1	861	REF	ref	A		29	29	1.0	52.41379310344828	59.58620689655172	14	15						false										
ON023025.1	862	REF	ref	G		29	29	1.0	52.41379310344828	59.58620689655172	14	15						false										
ON023025.1	863	REF	ref	G		29	29	1.0	52.41379310344828	59.58620689655172	14	15						false										
ON023025.1	864	REF	ref	A		29	29	1.0	52.41379310344828	59.58620689655172	14	15						false										
ON023025.1	865	REF	ref	C		29	29	1.0	52.41379310344828	59.58620689655172	14	15						false										
ON023025.1	866	REF	ref	T		29	29	1.0	52.41379310344828	59.58620689655172	14	15						false										
ON023025.1	867	REF	ref	T		29	29	1.0	52.41379310344828	59.58620689655172	14	15						false										
ON023025.1	868	REF	ref	A		29	29	1.0	52.41379310344828	59.58620689655172	14	15						false										
ON023025.1	869	REF	ref	A		29	29	1.0	52.41379310344828	59.58620689655172	14	15						false										
ON023025.1	870	REF	ref	T		29	29	1.0	52.41379310344828	59.58620689655172	14	15						false										
ON023025.1	871	REF	ref	G		29	29	1.0	52.41379310344828	59.58620689655172	14	15						false										
ON023025.1	872	REF	ref	C		29	29	1.0	52.41379310344828	59.58620689655172	14	15						false										
ON023025.1	873	REF	ref	T		29	29	1.0	52.41379310344828	59.58620689655172	14	15						false										
ON023025.1	874	REF	ref	A		29	29	1.0	52.41379310344828	59.58620689655172	14	15						false										
ON023025.1	875	REF	ref	G		29	29	1.0	52.41379310344828	59.58620689655172	14	15						false										
ON023025.1	876	REF	ref	A		29	29	1.0	52.41379310344828	59.58620689655172	14	15						false										
ON023025.1	877	REF	ref	A		29	29	1.0	52.41379310344828	59.58620689655172	14	15						false										
ON023025.1	878	REF	ref	A		29	29	1.0	52.41379310344828	59.58620689655172	14	15						false										
ON023025.1	879	REF	ref	C		29	29	1.0	52.41379310344828	59.58620689655172	14	15						false										
ON023025.1	880	REF	ref	C		29	29	1.0	52.41379310344828	59.58620689655172	14	15						false										
ON023025.1	881	REF	ref	T		29	29	1.0	52.41379310344828	59.58620689655172	14	15						false										
ON023025.1	882	REF	ref	A		29	29	1.0	52.41379310344828	59.58620689655172	14	15						false										
ON023025.1	883	REF	ref	A		29	29	1.0	52.41379310344828	59.58620689655172	14	15						false										
ON023025.1	884	REF	ref	C		29	29	1.0	52.41379310344828	59.58620689655172	14	15						false										
ON023025.1	885	REF	ref	A		29	29	1.0	52.41379310344828	59.58620689655172	14	15						false										
ON023025.1	886	REF	ref	G		29	29	1.0	52.41379310344828	59.58620689655172	14	15						false										
ON023025.1	887	REF	ref	T		29	29	1.0	56.55172413793103	59.58620689655172	13	16						false										
ON023025.1	888	REF	ref	G		29	29	1.0	56.55172413793103	59.58620689655172	13	16						false										
ON023025.1	889	REF	ref	T		29	29	1.0	56.55172413793103	59.58620689655172	13	16						false										
ON023025.1	890	REF	ref	G		22	22	1.0	61.81818181818182	59.45454545454545	6	16						false										
ON023025.1	891	REF	ref	T		22	22	1.0	61.81818181818182	59.45454545454545	6	16						false										
ON023025.1	892	REF	ref	G		22	22	1.0	61.81818181818182	59.45454545454545	6	16						false										
ON023025.1	893	REF	ref	T		22	22	1.0	61.81818181818182	59.45454545454545	6	16						false										
ON023025.1	894	REF	ref	A		22	22	1.0	61.81818181818182	59.45454545454545	6	16						false										
ON023025.1	895	REF	ref	G		22	22	1.0	61.81818181818182	59.45454545454545	6	16						false										
ON023025.1	896	REF	ref	A		22	22	1.0	61.81818181818182	59.45454545454545	6	16						false										
ON023025.1	897	REF	ref	A		22	22	1.0	61.81818181818182	59.45454545454545	6	16						false										
ON023025.1	898	REF	ref	G		27	27	1.0	57.18518518518518	59.55555555555556	11	16						false										
ON023025.1	899	REF	ref	G		27	27	1.0	57.77777777777778	59.55555555555556	11	16						false										
ON023025.1	900	REF	ref	C		27	27	1.0	57.77777777777778	59.55555555555556	11	16						false										
ON023025.1	901	REF	ref	T		27	27	1.0	57.77777777777778	59.55555555555556	11	16						false										
ON023025.1	902	REF	ref	T		27	27	1.0	57.77777777777778	59.55555555555556	11	16						false										
ON023025.1	903	REF	ref	G		27	27	1.0	57.77777777777778	59.55555555555556	11	16						false										
ON023025.1	904	REF	ref	T		27	27	1.0	57.77777777777778	59.55555555555556	11	16						false										
ON023025.1	905	REF	ref	T		27	27	1.0	57.77777777777778	59.55555555555556	11	16						false										
ON023025.1	906	REF	ref	T		27	27	1.0	57.77777777777778	59.55555555555556	11	16						false										
ON023025.1	907	REF	ref	A		27	27	1.0	57.77777777777778	59.55555555555556	11	16						false										
ON023025.1	908	REF	ref	A		27	27	1.0	57.77777777777778	59.55555555555556	11	16						false										
ON023025.1	909	REF	ref	T		27	27	1.0	57.77777777777778	59.55555555555556	11	16						false										
ON023025.1	910	REF	ref	A		27	27	1.0	57.77777777777778	59.55555555555556	11	16						false										
ON023025.1	911	REF	ref	A		27	27	1.0	57.77777777777778	59.55555555555556	11	16						false										
ON023025.1	912	REF	ref	T		27	27	1.0	57.77777777777778	59.55555555555556	11	16						false										
ON023025.1	913	REF	ref	G		27	27	1.0	57.77777777777778	59.55555555555556	11	16						false										
ON023025.1	914	REF	ref	T		27	27	1.0	57.77777777777778	59.55555555555556	11	16						false										
ON023025.1	915	REF	ref	T		27	27	1.0	57.77777777777778	59.55555555555556	11	16						false										
ON023025.1	916	REF	ref	C		27	27	1.0	57.77777777777778	59.55555555555556	11	16						false										
ON023025.1	917	REF	ref	T		27	27	1.0	57.77777777777778	59.55555555555556	11	16						false										
ON023025.1	918	REF	ref	T		27	27	1.0	57.77777777777778	59.55555555555556	11	16						false										
ON023025.1	919	REF	ref	T		27	27	1.0	57.77777777777778	59.55555555555556	11	16						false										
ON023025.1	920	REF	ref	A		27	27	1.0	56.0	59.55555555555556	11	16						false										
ON023025.1	921	REF	ref	C		27	27	1.0	44.44444444444444	60.0	7	20						false										
ON023025.1	922	REF	ref	C		27	27	1.0	44.44444444444444	60.0	7	20						false										
ON023025.1	923	REF	ref	A		27	27	1.0	44.44444444444444	60.0	7	20						false										
ON023025.1	924	REF	ref	C		27	27	1.0	43.851851851851855	60.0	7	20						false										
ON023025.1	925	REF	ref	C		27	27	1.0	44.44444444444444	60.0	7	20						false										
ON023025.1	926	REF	ref	T		27	27	1.0	44.44444444444444	60.0	7	20						false										
ON023025.1	927	REF	ref	T		27	27	1.0	44.44444444444444	60.0	7	20						false										
ON023025.1	928	REF	ref	G		27	27	1.0	44.44444444444444	60.0	7	20						false										
ON023025.1	929	REF	ref	T		27	27	1.0	44.44444444444444	60.0	7	20						false										
ON023025.1	930	REF	ref	A		27	27	1.0	44.44444444444444	60.0	7	20						false										
ON023025.1	931	REF	ref	A		27	27	1.0	44.44444444444444	60.0	7	20						false										
ON023025.1	932	REF	ref	A		27	27	1.0	51.851851851851855	60.0	6	21						false										
ON023025.1	933	REF	ref	T		27	27	1.0	51.851851851851855	60.0	6	21						false										
ON023025.1	934	REF	ref	G		27	27	1.0	51.851851851851855	60.0	6	21						false										
ON023025.1	935	REF	ref	G		27	0	0.0			0	0						false										
ON023025.1	935	SNV	alt	G	A	27	27	1.0	51.851851851851855	60.0	0	0	6	21	1.0	Ts		true	NS1	gene-NS1	+	GGA	GAA	G	E	114	2	missense
ON023025.1	936	REF	ref	A		27	27	1.0	51.851851851851855	60.0	6	21						false										
ON023025.1	937	REF	ref	A		27	27	1.0	51.851851851851855	60.0	6	21						false										
ON023025.1	938	REF	ref	A		27	0	0.0			0	0						false										
ON023025.1	938	SNV	alt	A	G	27	27	1.0	51.851851851851855	60.0	0	0	6	21	1.0	Ts		true	NS1	gene-NS1	+	AAT	AGT	N	S	115	2	missense
ON023025.1	939	REF	ref	T		27	27	1.0	50.7037037037037	60.0	6	21						false										
ON023025.1	940	REF	ref	G		27	27	1.0	51.851851851851855	60.0	6	21						false										
ON023025.1	941	REF	ref	T		27	27	1.0	51.25925925925926	60.0	6	21						false										
ON023025.1	942	REF	ref	T		27	27	1.0	51.851851851851855	60.0	6	21						false										
ON023025.1	943	REF	ref	A		27	27	1.0	51.851851851851855	60.0	6	21						false										
ON023025.1	944	REF	ref	A		27	27	1.0	51.851851851851855	60.0	6	21						false										
ON023025.1	945	REF	ref	A		27	27	1.0	51.851851851851855	60.0	6	21						false										
ON023025.1	946	REF	ref	C		27	27	1.0	51.851851851851855	60.0	6	21						false										
ON023025.1	947	REF	ref	T		27	27	1.0	51.851851851851855	60.0	6	21						false										
ON023025.1	948	REF	ref	T		27	27	1.0	51.25925925925926	60.0	6	21						false										
ON023025.1	949	REF	ref	A		27	27	1.0	51.851851851851855	60.0	6	21						false										
ON023025.1	950	REF	ref	A		27	27	1.0	51.851851851851855	60.0	6	21						false										
ON023025.1	951	REF	ref	A		27	27	1.0	51.851851851851855	60.0	6	21						false										
ON023025.1	952	REF	ref	T		27	27	1.0	51.851851851851855	60.0	6	21						false										
ON023025.1	953	REF	ref	T		27	27	1.0	51.851851851851855	60.0	6	21						false										
ON023025.1	954	REF	ref	T		27	27	1.0	51.851851851851855	60.0	6	21						false										
ON023025.1	955	REF	ref	T		27	27	1.0	51.851851851851855	60.0	6	21						false										
ON023025.1	956	REF	ref	T		27	27	1.0	51.851851851851855	60.0	6	21						false										
ON023025.1	957	REF	ref	G		27	27	1.0	51.25925925925926	60.0	6	21						false										
ON023025.1	958	REF	ref	C		27	27	1.0	51.851851851851855	60.0	6	21						false										
ON023025.1	959	REF	ref	C		18	18	1.0	57.77777777777778	60.0	6	12						false										
ON023025.1	960	REF	ref	A		18	18	1.0	56.888888888888886	60.0	6	12						false										
ON023025.1	961	REF	ref	G		18	18	1.0	57.77777777777778	60.0	6	12						false										
ON023025.1	962	REF	ref	G		18	18	1.0	57.77777777777778	60.0	6	12						false										
ON023025.1	963	REF	ref	A		18	18	1.0	57.77777777777778	60.0	6	12						false										
ON023025.1	964	REF	ref	A		18	18	1.0	57.77777777777778	60.0	6	12						false										
ON023025.1	965	REF	ref	T		18	18	1.0	57.77777777777778	60.0	6	12						false										
ON023025.1	966	REF	ref	G		18	18	1.0	57.77777777777778	60.0	6	12						false										
ON023025.1	967	REF	ref	A		18	18	1.0	57.77777777777778	60.0	6	12						false										
ON023025.1	968	REF	ref	C		18	18	1.0	57.77777777777778	60.0	6	12						false										
ON023025.1	969	REF	ref	T		18	18	1.0	57.77777777777778	60.0	6	12						false										
ON023025.1	970	REF	ref	A		18	18	1.0	51.111111111111114	60.0	4	14						false										
ON023025.1	971	REF	ref	C		18	18	1.0	51.111111111111114	60.0	4	14						false										
ON023025.1	972	REF	ref	T		18	18	1.0	50.22222222222222	60.0	4	14						false										
ON023025.1	973	REF	ref	A		18	18	1.0	51.111111111111114	60.0	4	14						false										
ON023025.1	974	REF	ref	A		18	18	1.0	51.111111111111114	60.0	4	14						false										
ON023025.1	975	REF	ref	G		18	18	1.0	50.22222222222222	60.0	4	14						false										
ON023025.1	976	REF	ref	G		18	18	1.0	51.111111111111114	60.0	4	14						false										
ON023025.1	977	REF	ref	G		18	18	1.0	51.111111111111114	60.0	4	14						false										
ON023025.1	978	REF	ref	A		18	18	1.0	51.111111111111114	60.0	4	14						false										
ON023025.1	979	REF	ref	A		18	18	1.0	51.111111111111114	60.0	4	14						false										
ON023025.1	980	REF	ref	A		18	18	1.0	51.111111111111114	60.0	4	14						false										
ON023025.1	981	REF	ref	G		18	18	1.0	51.111111111111114	60.0	4	14						false										
ON023025.1	982	REF	ref	T		18	18	1.0	50.22222222222222	60.0	4	14						false										
ON023025.1	983	REF	ref	A		18	18	1.0	51.111111111111114	60.0	4	14						false										
ON023025.1	984	REF	ref	T		18	18	1.0	51.111111111111114	60.0	4	14						false										
ON023025.1	985	REF	ref	T		18	18	1.0	51.111111111111114	60.0	4	14						false										
ON023025.1	986	REF	ref	T		18	18	1.0	51.111111111111114	60.0	4	14						false										
ON023025.1	987	REF	ref	T		18	18	1.0	51.111111111111114	60.0	4	14						false										
ON023025.1	988	REF	ref	A		18	18	1.0	51.111111111111114	60.0	4	14						false										
ON023025.1	989	REF	ref	G		18	18	1.0	51.111111111111114	60.0	4	14						false										
ON023025.1	990	REF	ref	A		18	18	1.0	51.111111111111114	60.0	4	14						false										
ON023025.1	991	REF	ref	G		18	18	1.0	51.111111111111114	60.0	4	14						false										
ON023025.1	992	REF	ref	A		18	18	1.0	50.22222222222222	60.0	4	14						false										
ON023025.1	993	REF	ref	T		18	18	1.0	51.111111111111114	60.0	4	14						false										
ON023025.1	994	REF	ref	G		18	18	1.0	51.111111111111114	60.0	4	14						false										
ON023025.1	995	REF	ref	G		18	18	1.0	51.111111111111114	60.0	4	14						false										
ON023025.1	996	REF	ref	A		18	18	1.0	51.111111111111114	60.0	4	14						false										
ON023025.1	997	REF	ref	G		18	18	1.0	50.22222222222222	60.0	4	14						false										
ON023025.1	998	REF	ref	A		18	18	1.0	51.111111111111114	60.0	4	14						false										
ON023025.1	999	REF	ref	A		18	0	0.0			0	0						false										
ON023025.1	999	SNV	alt	A	C	18	18	1.0	51.111111111111114	60.0	0	0	4	14	1.0	Tv		true	NS1	gene-NS1	+	GAA	GAC	E	D	135	3	missense
ON023025.1	1000	REF	ref	C		18	18	1.0	51.111111111111114	60.0	4	14						false										
ON023025.1	1001	REF	ref	A		18	18	1.0	51.111111111111114	60.0	4	14						false										
ON023025.1	1002	REF	ref	G		18	18	1.0	51.111111111111114	60.0	4	14						false										
ON023025.1	1003	REF	ref	T		8	8	1.0	63.0	60.0	4	4						false										
ON023025.1	1004	REF	ref	T		8	8	1.0	65.0	60.0	4	4						false										
ON023025.1	1005	REF	ref	T		8	8	1.0	65.0	60.0	4	4						false										
ON023025.1	1006	REF	ref	A		8	8	1.0	65.0	60.0	4	4						false										
ON023025.1	1007	REF	ref	T		8	8	1.0	65.0	60.0	4	4						false										
ON023025.1	1008	REF	ref	A		8	8	1.0	63.0	60.0	4	4						false										
ON023025.1	1009	REF	ref	G		8	8	1.0	65.0	60.0	4	4						false										
ON023025.1	1010	REF	ref	A		8	8	1.0	65.0	60.0	4	4						false										
ON023025.1	1011	REF	ref	A		8	8	1.0	65.0	60.0	4	4						false										
ON023025.1	1012	REF	ref	A		8	8	1.0	65.0	60.0	4	4						false										
ON023025.1	1013	REF	ref	A		8	8	1.0	65.0	60.0	4	4						false										
ON023025.1	1014	REF	ref	T		8	8	1.0	65.0	60.0	4	4						false										
ON023025.1	1015	REF	ref	T		8	8	1.0	65.0	60.0	4	4						false										
ON023025.1	1016	REF	ref	A		8	8	1.0	65.0	60.0	4	4						false										
ON023025.1	1017	REF	ref	C		8	8	1.0	65.0	60.0	4	4						false										
ON023025.1	1018	REF	ref	C		8	8	1.0	65.0	60.0	4	4						false										
ON023025.1	1019	REF	ref	T		8	8	1.0	65.0	60.0	4	4						false										
ON023025.1	1020	REF	ref	A		8	8	1.0	65.0	60.0	4	4						false										
ON023025.1	1021	REF	ref	A		8	8	1.0	65.0	60.0	4	4						false										
ON023025.1	1022	REF	ref	T		8	8	1.0	65.0	60.0	4	4						false										
ON023025.1	1023	REF	ref	G		8	8	1.0	65.0	60.0	4	4						false										
ON023025.1	1024	REF	ref	A		15	15	1.0	53.333333333333336	60.0	4	11						false										
ON023025.1	1025	REF	ref	A		15	15	1.0	53.333333333333336	60.0	4	11						false										
ON023025.1	1026	REF	ref	A		15	15	1.0	53.333333333333336	60.0	4	11						false										
ON023025.1	1027	REF	ref	A		15	15	1.0	53.333333333333336	60.0	4	11						false										
ON023025.1	1028	REF	ref	A		15	15	1.0	53.333333333333336	60.0	4	11						false										
ON023025.1	1029	REF	ref	A		15	15	1.0	53.333333333333336	60.0	4	11						false										
ON023025.1	1030	REF	ref	A		15	15	1.0	53.333333333333336	60.0	4	11						false										
ON023025.1	1031	REF	ref	T		15	15	1.0	53.333333333333336	60.0	4	11						false										
ON023025.1	1032	REF	ref	T		15	15	1.0	53.333333333333336	60.0	4	11						false										
ON023025.1	1033	REF	ref	C		15	15	1.0	53.333333333333336	60.0	4	11						false										
ON023025.1	1034	REF	ref	C		15	15	1.0	52.266666666666666	60.0	4	11						false										
ON023025.1	1035	REF	ref	T		15	15	1.0	53.333333333333336	60.0	4	11						false										
ON023025.1	1036	REF	ref	T		15	15	1.0	53.333333333333336	60.0	4	11						false										
ON023025.1	1037	REF	ref	T		15	15	1.0	53.333333333333336	60.0	4	11						false										
ON023025.1	1038	REF	ref	A		12	12	1.0	56.666666666666664	60.0	4	8						false										
ON023025.1	1039	REF	ref	A		12	12	1.0	55.333333333333336	60.0	4	8						false										
ON023025.1	1040	REF	ref	A		12	12	1.0	56.666666666666664	60.0	4	8						false										
ON023025.1	1041	REF	ref	T		12	12	1.0	55.333333333333336	60.0	4	8						false										
ON023025.1	1042	REF	ref	G		12	12	1.0	55.333333333333336	60.0	4	8						false										
ON023025.1	1043	REF	ref	T		12	12	1.0	56.666666666666664	60.0	4	8						false										
ON023025.1	1044	REF	ref	T		12	12	1.0	56.666666666666664	60.0	4	8						false										
ON023025.1	1045	REF	ref	G		12	12	1.0	56.666666666666664	60.0	4	8						false										
ON023025.1	1046	REF	ref	T		12	12	1.0	55.333333333333336	60.0	4	8						false										
ON023025.1	1047	REF	ref	G		12	12	1.0	54.0	60.0	4	8						false										
ON023025.1	1048	REF	ref	T		12	12	1.0	56.666666666666664	60.0	4	8						false										
ON023025.1	1049	REF	ref	G		12	12	1.0	40.0	60.0	0	12						false										
ON023025.1	1050	REF	ref	G		12	12	1.0	40.0	60.0	0	12						false										
ON023025.1	1051	REF	ref	T		12	12	1.0	40.0	60.0	0	12						false										
ON023025.1	1052	REF	ref	G		12	12	1.0	40.0	60.0	0	12						false										
ON023025.1	1053	REF	ref	T		12	12	1.0	40.0	60.0	0	12						false										
ON023025.1	1054	REF	ref	G		12	12	1.0	40.0	60.0	0	12						false										
ON023025.1	1055	REF	ref	T		12	12	1.0	40.0	60.0	0	12						false										
ON023025.1	1056	REF	ref	A		12	12	1.0	40.0	60.0	0	12						false										
ON023025.1	1057	REF	ref	A		12	12	1.0	40.0	60.0	0	12						false										
ON023025.1	1058	REF	ref	C		12	12	1.0	40.0	60.0	0	12						false										
ON023025.1	1059	REF	ref	A		12	12	1.0	40.0	60.0	0	12						false										
ON023025.1	1060	REF	ref	A		12	12	1.0	40.0	60.0	0	12						false										
ON023025.1	1061	REF	ref	A		12	12	1.0	40.0	60.0	0	12						false										
ON023025.1	1062	REF	ref	T		12	12	1.0	38.666666666666664	60.0	0	12						false										
ON023025.1	1063	REF	ref	A		12	12	1.0	40.0	60.0	0	12						false										
ON023025.1	1064	REF	ref	T		12	12	1.0	40.0	60.0	0	12						false										
ON023025.1	1065	REF	ref	T		12	12	1.0	40.0	60.0	0	12						false										
ON023025.1	1066	REF	ref	G		12	12	1.0	40.0	60.0	0	12						false										
ON023025.1	1067	REF	ref	A		12	12	1.0	40.0	60.0	0	12						false										
ON023025.1	1068	REF	ref	C		12	12	1.0	40.0	60.0	0	12						false										
ON023025.1	1069	REF	ref	G		12	12	1.0	40.0	60.0	0	12						false										
ON023025.1	1070	REF	ref	G		12	12	1.0	40.0	60.0	0	12						false										
ON023025.1	1071	REF	ref	G		12	12	1.0	40.0	60.0	0	12						false										
ON023025.1	1072	REF	ref	T		12	12	1.0	38.666666666666664	60.0	0	12						false										
ON023025.1	1073	REF	ref	A		12	12	1.0	40.0	60.0	0	12						false										
ON023025.1	1074	REF	ref	T		12	12	1.0	38.666666666666664	60.0	0	12						false										
ON023025.1	1075	REF	ref	A		12	12	1.0	40.0	60.0	0	12						false										
ON023025.1	1076	REF	ref	T		12	12	1.0	40.0	60.0	0	12						false										
ON023025.1	1077	REF	ref	A		12	12	1.0	40.0	60.0	0	12						false										
ON023025.1	1078	REF	ref	G		12	12	1.0	40.0	60.0	0	12						false										
ON023025.1	1079	REF	ref	A		12	12	1.0	40.0	60.0	0	12						false										
ON023025.1	1080	REF	ref	C		12	12	1.0	40.0	60.0	0	12						false										
ON023025.1	1081	REF	ref	A		12	12	1.0	40.0	60.0	0	12						false										
ON023025.1	1082	REF	ref	T		12	0	0.0			0	0						false										
ON023025.1	1082	SNV	alt	T	C	12	12	1.0	38.666666666666664	60.0	0	0	0	12	1.0	Ts		true	NS1	gene-NS1	+	ATC	ACC	I	T	163	2	missense
ON023025.1	1083	REF	ref	C		7	7	1.0	40.0	60.0	0	7						false										
ON023025.1	1084	REF	ref	T		7	7	1.0	40.0	60.0	0	7						false										
ON023025.1	1085	REF	ref	G		7	7	1.0	40.0	60.0	0	7						false										
ON023025.1	1086	REF	ref	T		7	7	1.0	40.0	60.0	0	7						false										
ON023025.1	1087	REF	ref	A		7	7	1.0	40.0	60.0	0	7						false										
ON023025.1	1088	REF	ref	T		7	7	1.0	40.0	60.0	0	7						false										
ON023025.1	1089	REF	ref	T		7	7	1.0	40.0	60.0	0	7						false										
ON023025.1	1090	REF	ref	T		7	7	1.0	40.0	60.0	0	7						false										
ON023025.1	1091	REF	ref	C		7	7	1.0	40.0	60.0	0	7						false										
ON023025.1	1092	REF	ref	T		7	7	1.0	40.0	60.0	0	7						false										
ON023025.1	1093	REF	ref	G		7	7	1.0	40.0	60.0	0	7						false										
ON023025.1	1094	REF	ref	C		7	7	1.0	40.0	60.0	0	7						false										
ON023025.1	1095	REF	ref	A		7	7	1.0	40.0	60.0	0	7						false										
ON023025.1	1096	REF	ref	T		7	7	1.0	40.0	60.0	0	7						false										
ON023025.1	1097	REF	ref	C		7	7	1.0	40.0	60.0	0	7						false										
ON023025.1	1098	REF	ref	T		7	7	1.0	40.0	60.0	0	7						false										
ON023025.1	1099	REF	ref	T		7	7	1.0	40.0	60.0	0	7						false										
ON023025.1	1100	REF	ref	T		7	7	1.0	40.0	60.0	0	7						false										
ON023025.1	1101	REF	ref	T		7	7	1.0	40.0	60.0	0	7						false										
ON023025.1	1102	REF	ref	A		7	7	1.0	40.0	60.0	0	7						false										
ON023025.1	1103	REF	ref	G		7	7	1.0	40.0	60.0	0	7						false										
ON023025.1	1104	REF	ref	A		7	7	1.0	40.0	60.0	0	7						false										
ON023025.1	1105	REF	ref	C		7	7	1.0	40.0	60.0	0	7						false										
ON023025.1	1106	REF	ref	G		7	7	1.0	40.0	60.0	0	7						false										
ON023025.1	1107	REF	ref	A		7	7	1.0	40.0	60.0	0	7						false										
ON023025.1	1108	REF	ref	G		7	7	1.0	40.0	60.0	0	7						false										
ON023025.1	1109	REF	ref	G		7	7	1.0	40.0	60.0	0	7						false										
ON023025.1	1110	REF	ref	A		7	7	1.0	40.0	60.0	0	7						false										
ON023025.1	1111	REF	ref	G		7	7	1.0	40.0	60.0	0	7						false										
ON023025.1	1112	REF	ref	C		7	7	1.0	40.0	60.0	0	7						false										
ON023025.1	1113	REF	ref	T		7	7	1.0	40.0	60.0	0	7						false										
ON023025.1	1114	REF	ref	T		7	7	1.0	40.0	60.0	0	7						false										
ON023025.1	1115	REF	ref	G		7	7	1.0	40.0	60.0	0	7						false										
ON023025.1	1116	REF	ref	C		7	7	1.0	40.0	60.0	0	7						false										
ON023025.1	1117	REF	ref	C		7	7	1.0	40.0	60.0	0	7						false										
ON023025.1	1118	REF	ref	A		7	7	1.0	40.0	60.0	0	7						false										
ON023025.1	1119	REF	ref	T		7	7	1.0	40.0	60.0	0	7						false										
ON023025.1	1120	REF	ref	G		7	7	1.0	40.0	60.0	0	7						false										
ON023025.1	1121	REF	ref	C		7	7	1.0	40.0	60.0	0	7						false										
ON023025.1	1122	REF	ref	T		7	7	1.0	40.0	60.0	0	7						false										
ON023025.1	1123	REF	ref	A		7	7	1.0	40.0	60.0	0	7						false										
ON023025.1	1124	REF	ref	A		7	7	1.0	40.0	60.0	0	7						false										
ON023025.1	1125	REF	ref	A		7	7	1.0	40.0	60.0	0	7						false										
ON023025.1	1126	REF	ref	A		7	7	1.0	40.0	60.0	0	7						false										
ON023025.1	1127	REF	ref	A		7	7	1.0	40.0	60.0	0	7						false										
ON023025.1	1128	REF	ref	A		7	7	1.0	40.0	60.0	0	7						false										
ON023025.1	1129	REF	ref	C		7	7	1.0	40.0	60.0	0	7						false										
ON023025.1	1130	REF	ref	C		7	7	1.0	40.0	60.0	0	7						false										
ON023025.1	1131	REF	ref	T		7	7	1.0	40.0	60.0	0	7						false										
ON023025.1	1132	REF	ref	C		7	7	1.0	40.0	60.0	0	7						false										
ON023025.1	1133	REF	ref	G		7	7	1.0	40.0	60.0	0	7						false										
ON023025.1	1134	REF	ref	A		7	7	1.0	40.0	60.0	0	7						false										
ON023025.1	1135	REF	ref	A		7	7	1.0	40.0	60.0	0	7						false										
ON023025.1	1136	REF	ref	T		7	7	1.0	40.0	60.0	0	7						false										
ON023025.1	1137	REF	ref	T		7	7	1.0	40.0	60.0	0	7						false										
ON023025.1	1138	REF	ref	A		7	7	1.0	40.0	60.0	0	7						false										
ON023025.1	1139	REF	ref	G		7	7	1.0	40.0	60.0	0	7						false										
ON023025.1	1140	REF	ref	T		7	7	1.0	40.0	60.0	0	7						false										
ON023025.1	1141	REF	ref	G		7	0	0.0			0	0						false										
ON023025.1	1141	SNV	alt	G	T	7	7	1.0	40.0	60.0	0	0	0	7	1.0	Tv		true	NS1	gene-NS1	+	GCA	TCA	A	S	183	1	missense
ON023025.1	1142	REF	ref	C		7	7	1.0	40.0	60.0	0	7						false										
ON023025.1	1143	REF	ref	A		7	7	1.0	40.0	60.0	0	7						false										
ON023025.1	1144	REF	ref	A		7	7	1.0	40.0	60.0	0	7						false										
ON023025.1	1145	REF	ref	A		7	7	1.0	40.0	60.0	0	7						false										
ON023025.1	1146	REF	ref	C		7	7	1.0	40.0	60.0	0	7						false										
ON023025.1	1147	REF	ref	A		7	7	1.0	40.0	60.0	0	7						false										
ON023025.1	1148	REF	ref	C		7	7	1.0	40.0	60.0	0	7						false										
ON023025.1	1149	REF	ref	A		7	7	1.0	40.0	60.0	0	7						false										
ON023025.1	1150	REF	ref	G		7	7	1.0	40.0	60.0	0	7						false										
ON023025.1	1151	REF	ref	A		7	7	1.0	40.0	60.0	0	7						false										
ON023025.1	1152	REF	ref	C		7	7	1.0	40.0	60.0	0	7						false										
ON023025.1	1153	REF	ref	A		7	7	1.0	40.0	60.0	0	7						false										
ON023025.1	1154	REF	ref	C		7	0	0.0			0	0						false										
ON023025.1	1154	SNV	alt	C	T	7	7	1.0	40.0	60.0	0	0	0	7	1.0	Ts		true	NS1	gene-NS1	+	ACT	ATT	T	I	187	2	missense
ON023025.1	1155	REF	ref	T		7	7	1.0	40.0	60.0	0	7						false										
ON023025.1	1156	REF	ref	G		7	7	1.0	40.0	60.0	0	7						false										
ON023025.1	1157	REF	ref	T		7	7	1.0	40.0	60.0	0	7						false										
ON023025.1	1158	REF	ref	T		7	7	1.0	40.0	60.0	0	7						false										
ON023025.1	1159	REF	ref	A		7	7	1.0	40.0	60.0	0	7						false										
ON023025.1	1160	REF	ref	A		7	7	1.0	40.0	60.0	0	7						false										
ON023025.1	1161	REF	ref	T		7	7	1.0	40.0	60.0	0	7						false										
ON023025.1	1162	REF	ref	A		7	7	1.0	40.0	60.0	0	7						false										
ON023025.1	1163	REF	ref	A		7	7	1.0	40.0	60.0	0	7						false										
ON023025.1	1164	REF	ref	T		7	7	1.0	40.0	60.0	0	7						false										
ON023025.1	1165	REF	ref	G		7	7	1.0	40.0	60.0	0	7						false										
ON023025.1	1166	REF	ref	A		7	7	1.0	40.0	60.0	0	7						false										
ON023025.1	1167	REF	ref	A		7	7	1.0	40.0	60.0	0	7						false										
ON023025.1	1168	REF	ref	G		7	7	1.0	40.0	60.0	0	7						false										
ON023025.1	1169	REF	ref	C		7	7	1.0	40.0	60.0	0	7						false										
ON023025.1	1170	REF	ref	C		7	7	1.0	40.0	60.0	0	7						false										
ON023025.1	1171	REF	ref	G		7	7	1.0	40.0	60.0	0	7						false										
ON023025.1	1172	REF	ref	G		7	7	1.0	40.0	60.0	0	7						false										
ON023025.1	1173	REF	ref	G		7	7	1.0	40.0	60.0	0	7						false										
ON023025.1	1174	REF	ref	G		7	7	1.0	40.0	60.0	0	7						false										
ON023025.1	1186	REF	ref	G		8	8	1.0	40.0	60.0	8	0						false										
ON023025.1	1187	REF	ref	G		23	23	1.0	40.0	60.0	23	0						false										
ON023025.1	1188	REF	ref	A		24	24	1.0	40.0	60.0	24	0						false										
ON023025.1	1189	REF	ref	G		24	24	1.0	40.0	60.0	24	0						false										
ON023025.1	1190	REF	ref	G		24	24	1.0	39.333333333333336	60.0	24	0						false										
ON023025.1	1191	REF	ref	G		35	35	1.0	39.542857142857144	60.0	35	0						false										
ON023025.1	1192	REF	ref	G		35	35	1.0	39.08571428571429	60.0	35	0						false										
ON023025.1	1193	REF	ref	G		35	35	1.0	39.542857142857144	60.0	35	0						false										
ON023025.1	1194	REF	ref	A		35	35	1.0	38.628571428571426	60.0	35	0						false										
ON023025.1	1195	REF	ref	G		35	35	1.0	39.542857142857144	60.0	35	0						false										
ON023025.1	1196	REF	ref	A		35	35	1.0	40.0	60.0	35	0						false										
ON023025.1	1197	REF	ref	T		35	0	0.0			0	0						false										
ON023025.1	1197	SNV	alt	T	A	35	35	1.0	39.08571428571429	60.0	0	0	35	0	1.0	Tv		true	NS1	gene-NS1	+	GAT	GAA	D	E	201	3	missense
ON023025.1	1198	REF	ref	G		35	35	1.0	40.0	60.0	35	0						false										
ON023025.1	1199	REF	ref	T		35	35	1.0	40.0	60.0	35	0						false										
ON023025.1	1200	REF	ref	G		35	35	1.0	39.542857142857144	60.0	35	0						false										
ON023025.1	1201	REF	ref	G		35	35	1.0	40.0	60.0	35	0						false										
ON023025.1	1202	REF	ref	T		35	35	1.0	40.0	60.0	35	0						false										
ON023025.1	1203	REF	ref	G		34	34	1.0	39.529411764705884	60.0	34	0						false										
ON023025.1	1204	REF	ref	C		35	35	1.0	40.0	60.0	35	0						false										
ON023025.1	1205	REF	ref	C		35	35	1.0	40.0	60.0	35	0						false										
ON023025.1	1206	REF	ref	A		35	35	1.0	40.0	60.0	35	0						false										
ON023025.1	1207	REF	ref	T		35	35	1.0	40.0	60.0	35	0						false										
ON023025.1	1208	REF	ref	T		34	34	1.0	39.529411764705884	60.0	34	0						false										
ON023025.1	1209	REF	ref	T		35	35	1.0	40.0	60.0	35	0						false										
ON023025.1	1210	REF	ref	G		35	35	1.0	39.542857142857144	60.0	35	0						false										
ON023025.1	1211	REF	ref	C		35	35	1.0	40.0	60.0	35	0						false										
ON023025.1	1212	REF	ref	C		35	0	0.0			0	0						false										
ON023025.1	1212	SNV	alt	C	T	35	35	1.0	40.0	60.0	0	0	35	0	1.0	Ts		true	NS1	gene-NS1	+	GCC	GCT	A	A	206	3	synonymous
ON023025.1	1213	REF	ref	G		35	35	1.0	40.0	60.0	35	0						false										
ON023025.1	1214	REF	ref	G		35	35	1.0	57.371428571428574	58.91428571428571	28	7						false										
ON023025.1	1215	REF	ref	A		35	35	1.0	58.285714285714285	58.91428571428571	28	7						false										
ON023025.1	1216	REF	ref	A		35	35	1.0	57.82857142857143	58.91428571428571	28	7						false										
ON023025.1	1217	REF	ref	A		35	35	1.0	58.285714285714285	58.91428571428571	28	7						false										
ON023025.1	1218	REF	ref	G		35	35	1.0	58.285714285714285	58.91428571428571	28	7						false										
ON023025.1	1219	REF	ref	G		35	35	1.0	58.285714285714285	58.91428571428571	28	7						false										
ON023025.1	1220	REF	ref	G		35	35	1.0	58.285714285714285	58.91428571428571	28	7						false										
ON023025.1	1221	REF	ref	A		35	35	1.0	58.285714285714285	58.91428571428571	28	7						false										
ON023025.1	1222	REF	ref	A		35	35	1.0	58.285714285714285	58.91428571428571	28	7						false										
ON023025.1	1223	REF	ref	C		35	35	1.0	58.285714285714285	58.91428571428571	28	7						false										
ON023025.1	1224	REF	ref	C		35	0	0.0			0	0						false										
ON023025.1	1224	SNV	alt	C	T	35	35	1.0	57.82857142857143	58.91428571428571	0	0	28	7	1.0	Ts		true	NS1	gene-NS1	+	ACC	ACT	T	T	210	3	synonymous
ON023025.1	1225	REF	ref	A		35	35	1.0	58.285714285714285	58.91428571428571	28	7						false										
ON023025.1	1226	REF	ref	A		35	35	1.0	58.285714285714285	58.91428571428571	28	7						false										
ON023025.1	1227	REF	ref	G		35	35	1.0	57.82857142857143	58.91428571428571	28	7						false										
ON023025.1	1228	REF	ref	G		35	35	1.0	58.285714285714285	58.91428571428571	28	7						false										
ON023025.1	1229	REF	ref	C		35	35	1.0	58.285714285714285	58.91428571428571	28	7						false										
ON023025.1	1230	REF	ref	A		35	35	1.0	57.82857142857143	58.91428571428571	28	7						false										
ON023025.1	1231	REF	ref	G		35	35	1.0	58.285714285714285	58.91428571428571	28	7						false										
ON023025.1	1232	REF	ref	G		35	35	1.0	58.285714285714285	58.91428571428571	28	7						false										
ON023025.1	1233	REF	ref	G		35	35	1.0	57.82857142857143	58.91428571428571	28	7						false										
ON023025.1	1234	REF	ref	T		35	34	0.9714285714285714	58.8235294117647	58.88235294117647	27	7						false										
ON023025.1	1234	SNV	alt	T	C	35	1	0.02857142857142857	40.0	60.0	27	7	1	0	0.9999999999999897	Ts		true	NS1	gene-NS1	+	TTA	CTA	L	L	214	1	synonymous
ON023025.1	1235	REF	ref	T		35	35	1.0	58.285714285714285	58.91428571428571	28	7						false										
ON023025.1	1236	REF	ref	A		35	35	1.0	57.82857142857143	58.91428571428571	28	7						false										
ON023025.1	1237	REF	ref	A		35	35	1.0	58.285714285714285	58.91428571428571	28	7						false										
ON023025.1	1238	REF	ref	A		35	35	1.0	58.285714285714285	58.91428571428571	28	7						false										
ON023025.1	1239	REF	ref	G		35	35	1.0	58.285714285714285	58.91428571428571	28	7						false										
ON023025.1	1240	REF	ref	T		35	35	1.0	57.82857142857143	58.91428571428571	28	7						false										
ON023025.1	1241	REF	ref	T		35	35	1.0	58.285714285714285	58.91428571428571	28	7						false										
ON023025.1	1242	REF	ref	T		35	35	1.0	57.82857142857143	58.91428571428571	28	7						false										
ON023025.1	1243	REF	ref	C		35	35	1.0	58.285714285714285	58.91428571428571	28	7						false										
ON023025.1	1244	REF	ref	A		35	35	1.0	57.82857142857143	58.91428571428571	28	7						false										
ON023025.1	1245	REF	ref	A		35	35	1.0	56.457142857142856	58.91428571428571	28	7						false										
ON023025.1	1246	REF	ref	A		35	35	1.0	57.82857142857143	58.91428571428571	28	7						false										
ON023025.1	1247	REF	ref	C		35	35	1.0	58.285714285714285	58.91428571428571	28	7						false										
ON023025.1	1248	REF	ref	A		35	35	1.0	58.285714285714285	58.91428571428571	28	7						false										
ON023025.1	1249	REF	ref	A		35	35	1.0	58.285714285714285	58.91428571428571	28	7						false										
ON023025.1	1250	REF	ref	T		35	35	1.0	58.285714285714285	58.91428571428571	28	7						false										
ON023025.1	1251	REF	ref	G		35	35	1.0	66.97142857142858	58.91428571428571	23	12						false										
ON023025.1	1252	REF	ref	G		35	35	1.0	66.97142857142858	58.91428571428571	23	12						false										
ON023025.1	1253	REF	ref	T		35	35	1.0	67.42857142857143	58.91428571428571	23	12						false										
ON023025.1	1254	REF	ref	A		35	35	1.0	66.97142857142858	58.91428571428571	23	12						false										
ON023025.1	1255	REF	ref	A		35	35	1.0	66.97142857142858	58.91428571428571	23	12						false										
ON023025.1	1256	REF	ref	A		35	35	1.0	67.42857142857143	58.91428571428571	23	12						false										
ON023025.1	1257	REF	ref	T		35	35	1.0	66.97142857142858	58.91428571428571	23	12						false										
ON023025.1	1258	REF	ref	T		35	35	1.0	66.97142857142858	58.91428571428571	23	12						false										
ON023025.1	1259	REF	ref	G		35	35	1.0	66.97142857142858	58.91428571428571	23	12						false										
ON023025.1	1260	REF	ref	G		35	35	1.0	67.42857142857143	58.91428571428571	23	12						false										
ON023025.1	1261	REF	ref	T		35	35	1.0	67.42857142857143	58.91428571428571	23	12						false										
ON023025.1	1262	REF	ref	T		35	35	1.0	67.42857142857143	58.91428571428571	23	12						false										
ON023025.1	1263	REF	ref	A		35	35	1.0	66.97142857142858	58.91428571428571	23	12						false										
ON023025.1	1264	REF	ref	T		35	35	1.0	67.42857142857143	58.91428571428571	23	12						false										
ON023025.1	1265	REF	ref	G		35	35	1.0	66.51428571428572	58.91428571428571	23	12						false										
ON023025.1	1266	REF	ref	T		35	35	1.0	67.42857142857143	58.91428571428571	23	12						false										
ON023025.1	1267	REF	ref	G		35	35	1.0	66.97142857142858	58.91428571428571	23	12						false										
ON023025.1	1268	REF	ref	A		35	35	1.0	66.97142857142858	58.91428571428571	23	12						false										
ON023025.1	1269	REF	ref	A		35	35	1.0	67.42857142857143	58.91428571428571	23	12						false										
ON023025.1	1270	REF	ref	A		35	35	1.0	66.51428571428572	58.91428571428571	23	12						false										
ON023025.1	1271	REF	ref	A		35	35	1.0	67.42857142857143	58.91428571428571	23	12						false										
ON023025.1	1272	REF	ref	C		35	0	0.0			0	0						false										
ON023025.1	1272	SNV	alt	C	T	35	35	1.0	67.42857142857143	58.91428571428571	0	0	23	12	1.0	Ts		true	NS1	gene-NS1	+	AAC	AAT	N	N	226	3	synonymous
ON023025.1	1273	REF	ref	A		35	35	1.0	67.42857142857143	58.91428571428571	23	12						false										
ON023025.1	1274	REF	ref	G		35	35	1.0	67.42857142857143	58.91428571428571	23	12						false										
ON023025.1	1275	REF	ref	A		35	35	1.0	67.42857142857143	58.91428571428571	23	12						false										
ON023025.1	1276	REF	ref	G		35	35	1.0	66.97142857142858	58.91428571428571	23	12						false										
ON023025.1	1277	REF	ref	T		35	35	1.0	66.54285714285714	58.91428571428571	23	12						false										
ON023025.1	1278	REF	ref	G		35	0	0.0			0	0						false										
ON023025.1	1278	SNV	alt	G	T	35	35	1.0	67.42857142857143	58.91428571428571	0	0	23	12	1.0	Tv		true	NS1	gene-NS1	+	GTG	GTT	V	V	228	3	synonymous
ON023025.1	1279	REF	ref	T		35	35	1.0	67.42857142857143	58.91428571428571	23	12						false										
ON023025.1	1280	REF	ref	T		35	35	1.0	66.51428571428572	58.91428571428571	23	12						false										
ON023025.1	1281	REF	ref	T		35	35	1.0	67.42857142857143	58.91428571428571	23	12						false										
ON023025.1	1282	REF	ref	A		35	35	1.0	66.97142857142858	58.91428571428571	23	12						false										
ON023025.1	1283	REF	ref	C		35	35	1.0	66.97142857142858	58.91428571428571	23	12						false										
ON023025.1	1284	REF	ref	T		35	35	1.0	66.97142857142858	58.91428571428571	23	12						false										
ON023025.1	1285	REF	ref	G		35	35	1.0	67.42857142857143	58.91428571428571	23	12						false										
ON023025.1	1286	REF	ref	A		35	35	1.0	67.42857142857143	58.91428571428571	23	12						false										
ON023025.1	1287	REF	ref	A		35	35	1.0	67.42857142857143	58.91428571428571	23	12						false										
ON023025.1	1288	REF	ref	G		35	35	1.0	67.42857142857143	58.91428571428571	23	12						false										
ON023025.1	1289	REF	ref	A		35	35	1.0	66.97142857142858	58.91428571428571	23	12						false										
ON023025.1	1290	REF	ref	C		35	35	1.0	66.97142857142858	58.91428571428571	23	12						false										
ON023025.1	1291	REF	ref	A		35	35	1.0	66.97142857142858	58.91428571428571	23	12						false										
ON023025.1	1292	REF	ref	A		35	35	1.0	67.42857142857143	58.91428571428571	23	12						false										
ON023025.1	1293	REF	ref	A		35	35	1.0	66.97142857142858	58.91428571428571	23	12						false										
ON023025.1	1294	REF	ref	T		35	35	1.0	67.42857142857143	58.91428571428571	23	12						false										
ON023025.1	1295	REF	ref	G		35	35	1.0	67.42857142857143	58.91428571428571	23	12						false										
ON023025.1	1296	REF	ref	G		35	35	1.0	66.97142857142858	58.91428571428571	23	12						false										
ON023025.1	1297	REF	ref	A		35	34	0.9714285714285714	67.05882352941177	58.88235294117647	23	11						false										
ON023025.1	1297	SNV	alt	A	G	35	1	0.02857142857142857	80.0	60.0	23	11	0	1	0.3428571428571429	Ts		true	NS1	gene-NS1	+	AAG	GAG	K	E	235	1	missense
ON023025.1	1298	REF	ref	A		35	35	1.0	66.97142857142858	58.91428571428571	23	12						false										
ON023025.1	1299	REF	ref	G		35	35	1.0	67.42857142857143	58.91428571428571	23	12						false										
ON023025.1	1300	REF	ref	T		35	35	1.0	66.97142857142858	58.91428571428571	23	12						false										
ON023025.1	1301	REF	ref	T		35	35	1.0	66.97142857142858	58.91428571428571	23	12						false										
ON023025.1	1302	REF	ref	A		35	35	1.0	67.42857142857143	58.91428571428571	23	12						false										
ON023025.1	1303	REF	ref	G		35	35	1.0	67.42857142857143	58.91428571428571	23	12						false										
ON023025.1	1304	REF	ref	T		35	35	1.0	67.42857142857143	58.91428571428571	23	12						false										
ON023025.1	1305	REF	ref	G		35	35	1.0	67.42857142857143	58.91428571428571	23	12						false										
ON023025.1	1306	REF	ref	G		35	35	1.0	67.42857142857143	58.91428571428571	23	12						false										
ON023025.1	1307	REF	ref	A		35	35	1.0	67.42857142857143	58.91428571428571	23	12						false										
ON023025.1	1308	REF	ref	T		35	35	1.0	67.42857142857143	58.91428571428571	23	12						false										
ON023025.1	1309	REF	ref	T		35	35	1.0	66.97142857142858	58.91428571428571	23	12						false										
ON023025.1	1310	REF	ref	T		35	35	1.0	66.97142857142858	58.91428571428571	23	12						false										
ON023025.1	1311	REF	ref	C		35	35	1.0	66.97142857142858	58.91428571428571	23	12						false										
ON023025.1	1312	REF	ref	A		35	35	1.0	67.42857142857143	58.91428571428571	23	12						false										
ON023025.1	1313	REF	ref	A		35	35	1.0	67.42857142857143	58.91428571428571	23	12						false										
ON023025.1	1314	REF	ref	T		35	35	1.0	66.54285714285714	58.91428571428571	23	12						false										
ON023025.1	1315	REF	ref	C		35	35	1.0	67.42857142857143	58.91428571428571	23	12						false										
ON023025.1	1316	REF	ref	A		35	35	1.0	67.42857142857143	58.91428571428571	23	12						false										
ON023025.1	1317	REF	ref	A		35	35	1.0	66.97142857142858	58.91428571428571	23	12						false										
ON023025.1	1318	REF	ref	T		35	35	1.0	67.42857142857143	58.91428571428571	23	12						false										
ON023025.1	1319	REF	ref	A		35	35	1.0	67.42857142857143	58.91428571428571	23	12						false										
ON023025.1	1320	REF	ref	T		35	35	1.0	66.51428571428572	58.91428571428571	23	12						false										
ON023025.1	1321	REF	ref	A		35	35	1.0	66.97142857142858	58.91428571428571	23	12						false										
ON023025.1	1322	REF	ref	C		35	35	1.0	67.42857142857143	58.91428571428571	23	12						false										
ON023025.1	1323	REF	ref	A		35	35	1.0	66.51428571428572	58.91428571428571	23	12						false										
ON023025.1	1324	REF	ref	T		35	35	1.0	66.97142857142858	58.91428571428571	23	12						false										
ON023025.1	1325	REF	ref	T		35	35	1.0	66.97142857142858	58.91428571428571	23	12						false										
ON023025.1	1326	REF	ref	A		35	35	1.0	67.42857142857143	58.91428571428571	23	12						false										
ON023025.1	1327	REF	ref	T		35	35	1.0	67.42857142857143	58.91428571428571	23	12						false										
ON023025.1	1328	REF	ref	T		35	35	1.0	66.51428571428572	58.91428571428571	23	12						false										
ON023025.1	1329	REF	ref	A		35	35	1.0	67.42857142857143	58.91428571428571	23	12						false										
ON023025.1	1330	REF	ref	A		35	35	1.0	67.42857142857143	58.91428571428571	23	12						false										
ON023025.1	1331	REF	ref	G		35	35	1.0	67.42857142857143	58.91428571428571	23	12						false										
ON023025.1	1332	REF	ref	C		35	35	1.0	66.51428571428572	58.91428571428571	23	12						false										
ON023025.1	1333	REF	ref	A		35	35	1.0	67.42857142857143	58.91428571428571	23	12						false										
ON023025.1	1334	REF	ref	G		35	35	1.0	67.42857142857143	58.91428571428571	23	12						false										
ON023025.1	1335	REF	ref	T		35	35	1.0	67.42857142857143	58.91428571428571	23	12						false										
ON023025.1	1336	REF	ref	A		35	35	1.0	67.42857142857143	58.91428571428571	23	12						false										
ON023025.1	1337	REF	ref	G		35	35	1.0	58.285714285714285	58.91428571428571	20	15						false										
ON023025.1	1338	REF	ref	T		35	35	1.0	40.0	56.857142857142854	11	24						false										
ON023025.1	1339	REF	ref	C		35	35	1.0	40.0	56.857142857142854	11	24						false										
ON023025.1	1340	REF	ref	A		35	35	1.0	40.0	56.857142857142854	11	24						false										
ON023025.1	1341	REF	ref	T		34	0	0.0			0	0						false										
ON023025.1	1341	SNV	alt	T	C	34	34	1.0	39.05882352941177	56.76470588235294	0	0	10	24	1.0	Ts		true	NS1	gene-NS1	+	CAT	CAC	H	H	249	3	synonymous
ON023025.1	1342	REF	ref	A		24	24	1.0	40.0	55.416666666666664	0	24						false										
ON023025.1	1343	REF	ref	G		24	24	1.0	40.0	55.416666666666664	0	24						false										
ON023025.1	1344	REF	ref	T		24	24	1.0	40.0	55.416666666666664	0	24						false										
ON023025.1	1345	REF	ref	G		24	24	1.0	40.0	55.416666666666664	0	24						false										
ON023025.1	1346	REF	ref	G		24	24	1.0	40.0	55.416666666666664	0	24						false										
ON023025.1	1347	REF	ref	G		24	24	1.0	40.0	55.416666666666664	0	24						false										
ON023025.1	1348	REF	ref	A		24	24	1.0	40.0	55.416666666666664	0	24						false										
ON023025.1	1349	REF	ref	G		24	24	1.0	40.0	55.416666666666664	0	24						false										
ON023025.1	1350	REF	ref	T		30	30	1.0	40.0	56.333333333333336	6	24						false										
ON023025.1	1351	REF	ref	T		30	30	1.0	39.46666666666667	56.333333333333336	6	24						false										
ON023025.1	1352	REF	ref	T		30	30	1.0	40.0	56.333333333333336	6	24						false										
ON023025.1	1353	REF	ref	T		30	30	1.0	39.46666666666667	56.333333333333336	6	24						false										
ON023025.1	1354	REF	ref	C		30	30	1.0	40.0	56.333333333333336	6	24						false										
ON023025.1	1355	REF	ref	A		30	30	1.0	39.46666666666667	56.333333333333336	6	24						false										
ON023025.1	1356	REF	ref	A		30	30	1.0	40.0	56.333333333333336	6	24						false										
ON023025.1	1357	REF	ref	A		30	30	1.0	40.0	56.333333333333336	6	24						false										
ON023025.1	1358	REF	ref	T		30	30	1.0	39.46666666666667	56.333333333333336	6	24						false										
ON023025.1	1359	REF	ref	A		30	30	1.0	40.0	56.333333333333336	6	24						false										
ON023025.1	1360	REF	ref	C		30	30	1.0	40.0	56.333333333333336	6	24						false										
ON023025.1	1361	REF	ref	A		30	30	1.0	40.0	56.333333333333336	6	24						false										
ON023025.1	1362	REF	ref	A		30	30	1.0	39.46666666666667	56.333333333333336	6	24						false										
ON023025.1	1363	REF	ref	A		30	30	1.0	40.0	56.333333333333336	6	24						false										
ON023025.1	1364	REF	ref	G		30	30	1.0	40.0	56.333333333333336	6	24						false										
ON023025.1	1365	REF	ref	T		14	14	1.0	40.0	60.0	6	8						false										
ON023025.1	1366	REF	ref	G		14	14	1.0	40.0	60.0	6	8						false										
ON023025.1	1367	REF	ref	C		14	14	1.0	40.0	60.0	6	8						false										
ON023025.1	1368	REF	ref	A		14	14	1.0	40.0	60.0	6	8						false										
ON023025.1	1369	REF	ref	T		14	14	1.0	38.857142857142854	60.0	6	8						false										
ON023025.1	1370	REF	ref	T		14	14	1.0	38.857142857142854	60.0	6	8						false										
ON023025.1	1371	REF	ref	A		14	14	1.0	40.0	60.0	6	8						false										
ON023025.1	1372	REF	ref	A		14	14	1.0	40.0	60.0	6	8						false										
ON023025.1	1373	REF	ref	A		14	14	1.0	40.0	60.0	6	8						false										
ON023025.1	1374	REF	ref	G		14	14	1.0	40.0	60.0	6	8						false										
ON023025.1	1375	REF	ref	C		14	14	1.0	38.857142857142854	60.0	6	8						false										
ON023025.1	1376	REF	ref	T		14	14	1.0	40.0	60.0	6	8						false										
ON023025.1	1377	REF	ref	A		14	14	1.0	40.0	60.0	6	8						false										
ON023025.1	1378	REF	ref	G		14	14	1.0	40.0	60.0	6	8						false										
ON023025.1	1379	REF	ref	C		14	14	1.0	38.857142857142854	60.0	6	8						false										
ON023025.1	1380	REF	ref	T		13	0	0.0			0	0						false										
ON023025.1	1380	SNV	alt	T	C	13	13	1.0	40.0	60.0	0	0	6	7	1.0	Ts		true	NS1	gene-NS1	+	GCT	GCC	A	A	262	3	synonymous
ON023025.1	1381	REF	ref	A		14	14	1.0	37.714285714285715	60.0	6	8						false										
ON023025.1	1382	REF	ref	T		14	14	1.0	40.0	60.0	6	8						false										
ON023025.1	1383	REF	ref	T		14	14	1.0	38.857142857142854	60.0	6	8						false										
ON023025.1	1384	REF	ref	T		14	14	1.0	40.0	60.0	6	8						false										
ON023025.1	1385	REF	ref	A		14	14	1.0	40.0	60.0	6	8						false										
ON023025.1	1386	REF	ref	T		14	14	1.0	40.0	60.0	6	8						false										
ON023025.1	1387	REF	ref	A		14	14	1.0	40.0	60.0	6	8						false										
ON023025.1	1388	REF	ref	A		14	14	1.0	40.0	60.0	6	8						false										
ON023025.1	1389	REF	ref	A		14	14	1.0	38.857142857142854	60.0	6	8						false										
ON023025.1	1390	REF	ref	G		14	14	1.0	40.0	60.0	6	8						false										
ON023025.1	1391	REF	ref	C		14	14	1.0	40.0	60.0	6	8						false										
ON023025.1	1392	REF	ref	T		14	14	1.0	37.714285714285715	60.0	6	8						false										
ON023025.1	1393	REF	ref	A		14	14	1.0	40.0	60.0	6	8						false										
ON023025.1	1394	REF	ref	C		14	14	1.0	40.0	60.0	6	8						false										
ON023025.1	1395	REF	ref	T		14	14	1.0	38.857142857142854	60.0	6	8						false										
ON023025.1	1396	REF	ref	A		14	14	1.0	40.0	60.0	6	8						false										
ON023025.1	1397	REF	ref	A		14	14	1.0	40.0	60.0	6	8						false										
ON023025.1	1398	REF	ref	C		14	14	1.0	40.0	60.0	6	8						false										
ON023025.1	1399	REF	ref	T		14	14	1.0	38.857142857142854	60.0	6	8						false										
ON023025.1	1400	REF	ref	T		14	14	1.0	40.0	60.0	6	8						false										
ON023025.1	1401	REF	ref	A		14	14	1.0	40.0	60.0	6	8						false										
ON023025.1	1402	REF	ref	G		6	6	1.0	40.0	60.0	6	0						false										
ON023025.1	1403	REF	ref	T		6	6	1.0	40.0	60.0	6	0						false										
ON023025.1	1404	REF	ref	T		6	6	1.0	40.0	60.0	6	0						false										
ON023025.1	1405	REF	ref	C		6	6	1.0	40.0	60.0	6	0						false										
ON023025.1	1406	REF	ref	C		6	6	1.0	40.0	60.0	6	0						false										
ON023025.1	1407	REF	ref	T		6	6	1.0	40.0	60.0	6	0						false										
ON023025.1	1408	REF	ref	A		6	6	1.0	40.0	60.0	6	0						false										
ON023025.1	1409	REF	ref	C		6	6	1.0	40.0	60.0	6	0						false										
ON023025.1	1410	REF	ref	T		6	6	1.0	40.0	60.0	6	0						false										
ON023025.1	1411	REF	ref	A		6	6	1.0	40.0	60.0	6	0						false										
ON023025.1	1412	REF	ref	G		6	6	1.0	40.0	60.0	6	0						false										
ON023025.1	1413	REF	ref	T		6	6	1.0	40.0	60.0	6	0						false										
ON023025.1	1414	REF	ref	A		6	6	1.0	40.0	60.0	6	0						false										
ON023025.1	1415	REF	ref	C		6	6	1.0	40.0	60.0	6	0						false										
ON023025.1	1416	REF	ref	A		6	6	1.0	40.0	60.0	6	0						false										
ON023025.1	1417	REF	ref	T		6	6	1.0	40.0	60.0	6	0						false										
ON023025.1	1418	REF	ref	T		6	6	1.0	40.0	60.0	6	0						false										
ON023025.1	1419	REF	ref	T		6	0	0.0			0	0						false										
ON023025.1	1419	SNV	alt	T	C	6	6	1.0	40.0	60.0	0	0	6	0	1.0	Ts		true	NS1	gene-NS1	+	TTT	TTC	F	F	275	3	synonymous
ON023025.1	1420	REF	ref	T		6	6	1.0	40.0	60.0	6	0						false										
ON023025.1	1421	REF	ref	T		6	6	1.0	40.0	60.0	6	0						false										
ON023025.1	1422	REF	ref	A		6	6	1.0	40.0	60.0	6	0						false										
ON023025.1	1423	REF	ref	A		6	6	1.0	40.0	60.0	6	0						false										
ON023025.1	1424	REF	ref	T		6	6	1.0	40.0	60.0	6	0						false										
ON023025.1	1425	REF	ref	G		6	6	1.0	40.0	60.0	6	0						false										
ON023025.1	1426	REF	ref	C		6	6	1.0	40.0	60.0	6	0						false										
ON023025.1	1427	REF	ref	A		6	6	1.0	40.0	60.0	6	0						false										
ON023025.1	1428	REF	ref	T		6	6	1.0	40.0	60.0	6	0						false										
ON023025.1	1429	REF	ref	T		6	6	1.0	40.0	60.0	6	0						false										
ON023025.1	1430	REF	ref	C		6	6	1.0	40.0	60.0	6	0						false										
ON023025.1	1431	REF	ref	A		6	6	1.0	40.0	60.0	6	0						false										
ON023025.1	1432	REF	ref	G		6	6	1.0	40.0	60.0	6	0						false										
ON023025.1	1433	REF	ref	A		6	6	1.0	40.0	60.0	6	0						false										
ON023025.1	1434	REF	ref	C		18	18	1.0	39.111111111111114	60.0	18	0						false										
ON023025.1	1435	REF	ref	T		18	18	1.0	40.0	60.0	18	0						false										
ON023025.1	1436	REF	ref	T		18	18	1.0	40.0	60.0	18	0						false										
ON023025.1	1437	REF	ref	T		18	18	1.0	40.0	60.0	18	0						false										
ON023025.1	1438	REF	ref	G		18	18	1.0	40.0	60.0	18	0						false										
ON023025.1	1439	REF	ref	A		18	18	1.0	39.111111111111114	60.0	18	0						false										
ON023025.1	1440	REF	ref	G		18	18	1.0	40.0	60.0	18	0						false										
ON023025.1	1441	REF	ref	C		18	18	1.0	39.111111111111114	60.0	18	0						false										
ON023025.1	1442	REF	ref	A		18	18	1.0	40.0	60.0	18	0						false										
ON023025.1	1443	REF	ref	G		18	18	1.0	40.0	60.0	18	0						false										
ON023025.1	1444	REF	ref	G		18	18	1.0	40.0	60.0	18	0						false										
ON023025.1	1445	REF	ref	T		18	18	1.0	40.0	60.0	18	0						false										
ON023025.1	1446	REF	ref	T		18	18	1.0	40.0	60.0	18	0						false										
ON023025.1	1447	REF	ref	A		18	18	1.0	40.0	60.0	18	0						false										
ON023025.1	1448	REF	ref	C		29	29	1.0	40.0	60.0	18	11						false										
ON023025.1	1449	REF	ref	C		29	29	1.0	40.0	60.0	18	11						false										
ON023025.1	1450	REF	ref	T		29	29	1.0	40.0	60.0	18	11						false										
ON023025.1	1451	REF	ref	G		29	29	1.0	40.0	60.0	18	11						false										
ON023025.1	1452	REF	ref	C		29	29	1.0	40.0	60.0	18	11						false										
ON023025.1	1453	REF	ref	A		29	29	1.0	40.0	60.0	18	11						false										
ON023025.1	1454	REF	ref	T		29	29	1.0	40.0	60.0	18	11						false										
ON023025.1	1455	REF	ref	T		29	29	1.0	40.0	60.0	18	11						false										
ON023025.1	1456	REF	ref	A		29	29	1.0	40.0	60.0	18	11						false										
ON023025.1	1457	REF	ref	A		29	29	1.0	40.0	60.0	18	11						false										
ON023025.1	1458	REF	ref	A		29	29	1.0	40.0	60.0	18	11						false										
ON023025.1	1459	REF	ref	G		29	29	1.0	39.44827586206897	60.0	18	11						false										
ON023025.1	1460	REF	ref	A		29	29	1.0	40.0	60.0	18	11						false										
ON023025.1	1461	REF	ref	A		29	29	1.0	40.0	60.0	18	11						false										
ON023025.1	1462	REF	ref	A		29	29	1.0	48.275862068965516	60.0	16	13						false										
ON023025.1	1463	REF	ref	A		29	29	1.0	48.275862068965516	60.0	16	13						false										
ON023025.1	1464	REF	ref	T		29	29	1.0	48.275862068965516	60.0	16	13						false										
ON023025.1	1465	REF	ref	A		29	29	1.0	48.275862068965516	60.0	16	13						false										
ON023025.1	1466	REF	ref	A		29	29	1.0	48.275862068965516	60.0	16	13						false										
ON023025.1	1467	REF	ref	A		29	29	1.0	48.275862068965516	60.0	16	13						false										
ON023025.1	1468	REF	ref	A		29	29	1.0	48.275862068965516	60.0	16	13						false										
ON023025.1	1469	REF	ref	T		29	29	1.0	48.275862068965516	60.0	16	13						false										
ON023025.1	1470	REF	ref	A		29	29	1.0	48.275862068965516	60.0	16	13						false										
ON023025.1	1471	REF	ref	G		29	29	1.0	48.275862068965516	60.0	16	13						false										
ON023025.1	1472	REF	ref	T		29	29	1.0	48.275862068965516	60.0	16	13						false										
ON023025.1	1473	REF	ref	T		29	29	1.0	48.275862068965516	60.0	16	13						false										
ON023025.1	1474	REF	ref	A		29	29	1.0	48.275862068965516	60.0	16	13						false										
ON023025.1	1475	REF	ref	A		29	29	1.0	48.275862068965516	60.0	16	13						false										
ON023025.1	1476	REF	ref	A		29	29	1.0	48.275862068965516	60.0	16	13						false										
ON023025.1	1477	REF	ref	C		32	32	1.0	47.5	60.0	19	13						false										
ON023025.1	1478	REF	ref	T		32	32	1.0	47.5	60.0	19	13						false										
ON023025.1	1479	REF	ref	A		32	32	1.0	47.5	60.0	19	13						false										
ON023025.1	1480	REF	ref	T		32	32	1.0	47.5	60.0	19	13						false										
ON023025.1	1481	REF	ref	T		32	32	1.0	47.5	60.0	19	13						false										
ON023025.1	1482	REF	ref	A		32	32	1.0	47.5	60.0	19	13						false										
ON023025.1	1483	REF	ref	T		36	36	1.0	45.333333333333336	60.0	24	12						false										
ON023025.1	1484	REF	ref	T		36	36	1.0	46.666666666666664	60.0	23	13						false										
ON023025.1	1485	REF	ref	A		35	35	1.0	46.857142857142854	60.0	22	13						false										
ON023025.1	1486	REF	ref	T		36	36	1.0	46.666666666666664	60.0	23	13						false										
ON023025.1	1487	REF	ref	G		36	36	1.0	46.22222222222222	60.0	23	13						false										
ON023025.1	1488	REF	ref	C		36	36	1.0	46.22222222222222	60.0	23	13						false										
ON023025.1	1489	REF	ref	C		36	36	1.0	46.666666666666664	60.0	23	13						false										
ON023025.1	1490	REF	ref	A		36	36	1.0	46.22222222222222	60.0	23	13						false										
ON023025.1	1491	REF	ref	A		36	0	0.0			0	0						false										
ON023025.1	1491	SNV	alt	A	G	36	36	1.0	46.22222222222222	60.0	0	0	23	13	1.0	Ts		true	NS1	gene-NS1	+	CAA	CAG	Q	Q	299	3	synonymous
ON023025.1	1492	REF	ref	A		36	36	1.0	46.666666666666664	60.0	23	13						false										
ON023025.1	1493	REF	ref	A		35	35	1.0	46.4	60.0	22	13						false										
ON023025.1	1494	REF	ref	T		36	36	1.0	46.666666666666664	60.0	23	13						false										
ON023025.1	1495	REF	ref	T		36	36	1.0	46.666666666666664	60.0	23	13						false										
ON023025.1	1496	REF	ref	A		36	36	1.0	46.666666666666664	60.0	23	13						false										
ON023025.1	1497	REF	ref	T		36	36	1.0	46.666666666666664	60.0	23	13						false										
ON023025.1	1498	REF	ref	G		36	36	1.0	46.22222222222222	60.0	23	13						false										
ON023025.1	1499	REF	ref	A		36	36	1.0	46.666666666666664	60.0	23	13						false										
ON023025.1	1500	REF	ref	T		36	36	1.0	46.666666666666664	60.0	23	13						false										
ON023025.1	1501	REF	ref	C		36	36	1.0	40.0	60.0	19	17						false										
ON023025.1	1502	REF	ref	C		36	36	1.0	40.0	60.0	19	17						false										
ON023025.1	1503	REF	ref	T		36	36	1.0	40.0	60.0	19	17						false										
ON023025.1	1504	REF	ref	C		36	36	1.0	40.0	60.0	19	17						false										
ON023025.1	1505	REF	ref	T		36	36	1.0	40.0	60.0	19	17						false										
ON023025.1	1506	REF	ref	T		36	36	1.0	40.0	60.0	19	17						false										
ON023025.1	1507	REF	ref	T		36	36	1.0	40.0	60.0	19	17						false										
ON023025.1	1508	REF	ref	T		36	36	1.0	40.0	60.0	19	17						false										
ON023025.1	1509	REF	ref	A		36	36	1.0	39.111111111111114	60.0	19	17						false										
ON023025.1	1510	REF	ref	G		36	36	1.0	39.55555555555556	60.0	19	17						false										
ON023025.1	1511	REF	ref	T		36	36	1.0	40.0	60.0	19	17						false										
ON023025.1	1512	REF	ref	G		36	36	1.0	40.0	60.0	19	17						false										
ON023025.1	1513	REF	ref	G		36	36	1.0	40.0	60.0	19	17						false										
ON023025.1	1514	REF	ref	G		36	36	1.0	39.55555555555556	60.0	19	17						false										
ON023025.1	1515	REF	ref	T		36	36	1.0	40.0	60.0	19	17						false										
ON023025.1	1516	REF	ref	C		36	36	1.0	40.0	60.0	19	17						false										
ON023025.1	1517	REF	ref	A		36	36	1.0	39.55555555555556	60.0	19	17						false										
ON023025.1	1518	REF	ref	A		35	35	1.0	40.0	60.0	18	17						false										
ON023025.1	1519	REF	ref	C		36	36	1.0	40.0	60.0	19	17						false										
ON023025.1	1520	REF	ref	A		36	36	1.0	40.0	60.0	19	17						false										
ON023025.1	1521	REF	ref	T		36	36	1.0	39.55555555555556	60.0	19	17						false										
ON023025.1	1522	REF	ref	G		36	36	1.0	40.0	60.0	19	17						false										
ON023025.1	1523	REF	ref	T		36	36	1.0	40.0	60.0	19	17						false										
ON023025.1	1524	REF	ref	T		36	36	1.0	40.0	60.0	19	17						false										
ON023025.1	1525	REF	ref	T		36	36	1.0	40.0	60.0	19	17						false										
ON023025.1	1526	REF	ref	T		36	36	1.0	40.0	60.0	19	17						false										
ON023025.1	1527	REF	ref	A		36	36	1.0	40.0	60.0	19	17						false										
ON023025.1	1528	REF	ref	A		36	36	1.0	40.0	60.0	19	17						false										
ON023025.1	1529	REF	ref	A		36	36	1.0	40.0	60.0	19	17						false										
ON023025.1	1530	REF	ref	G		36	36	1.0	40.0	60.0	19	17						false										
ON023025.1	1531	REF	ref	T		36	36	1.0	40.0	60.0	19	17						false										
ON023025.1	1532	REF	ref	G		36	36	1.0	40.0	60.0	19	17						false										
ON023025.1	1533	REF	ref	G		36	36	1.0	40.0	60.0	19	17						false										
ON023025.1	1534	REF	ref	A		36	36	1.0	40.0	60.0	19	17						false										
ON023025.1	1535	REF	ref	T		36	36	1.0	40.0	60.0	19	17						false										
ON023025.1	1536	REF	ref	T		36	36	1.0	40.0	60.0	19	17						false										
ON023025.1	1537	REF	ref	G		36	36	1.0	43.333333333333336	60.0	18	18						false										
ON023025.1	1538	REF	ref	A		36	36	1.0	43.333333333333336	60.0	18	18						false										
ON023025.1	1539	REF	ref	C		36	36	1.0	43.333333333333336	60.0	18	18						false										
ON023025.1	1540	REF	ref	A		36	36	1.0	43.333333333333336	60.0	18	18						false										
ON023025.1	1541	REF	ref	A		36	36	1.0	42.888888888888886	60.0	18	18						false										
ON023025.1	1542	REF	ref	A		36	36	1.0	43.333333333333336	60.0	18	18						false										
ON023025.1	1543	REF	ref	A		36	36	1.0	43.333333333333336	60.0	18	18						false										
ON023025.1	1544	REF	ref	A		36	36	1.0	42.888888888888886	60.0	18	18						false										
ON023025.1	1545	REF	ref	A		36	36	1.0	42.888888888888886	60.0	18	18						false										
ON023025.1	1546	REF	ref	T		36	36	1.0	43.333333333333336	60.0	18	18						false										
ON023025.1	1547	REF	ref	G		36	36	1.0	43.333333333333336	60.0	18	18						false										
ON023025.1	1548	REF	ref	T		36	36	1.0	42.888888888888886	60.0	18	18						false										
ON023025.1	1549	REF	ref	G		36	36	1.0	43.333333333333336	60.0	18	18						false										
ON023025.1	1550	REF	ref	G		36	36	1.0	43.333333333333336	60.0	18	18						false										
ON023025.1	1551	REF	ref	T		36	36	1.0	43.333333333333336	60.0	18	18						false										
ON023025.1	1552	REF	ref	A		36	36	1.0	43.333333333333336	60.0	18	18						false										
ON023025.1	1553	REF	ref	A		36	36	1.0	43.333333333333336	60.0	18	18						false										
ON023025.1	1554	REF	ref	A		36	36	1.0	42.888888888888886	60.0	18	18						false										
ON023025.1	1555	REF	ref	A		36	36	1.0	43.333333333333336	60.0	18	18						false										
ON023025.1	1556	REF	ref	A		36	36	1.0	42.888888888888886	60.0	18	18						false										
ON023025.1	1557	REF	ref	A		36	36	1.0	43.333333333333336	60.0	18	18						false										
ON023025.1	1558	REF	ref	A		36	36	1.0	43.333333333333336	60.0	18	18						false										
ON023025.1	1559	REF	ref	A		36	36	1.0	43.333333333333336	60.0	18	18						false										
ON023025.1	1560	REF	ref	C		36	35	0.9722222222222222	43.42857142857143	60.0	17	18						false										
ON023025.1	1560	SNV	alt	C	A	36	1	0.027777777777777776	24.0	60.0	17	18	1	0	0.9999999999999981	Tv		true	NS1	gene-NS1	+	AAC	AAA	N	K	322	3	missense
ON023025.1	1561	REF	ref	A		36	36	1.0	43.333333333333336	60.0	18	18						false										
ON023025.1	1562	REF	ref	C		36	36	1.0	43.333333333333336	60.0	18	18						false										
ON023025.1	1563	REF	ref	C		36	36	1.0	42.888888888888886	60.0	18	18						false										
ON023025.1	1564	REF	ref	C		36	36	1.0	43.333333333333336	60.0	18	18						false										
ON023025.1	1565	REF	ref	T		36	36	1.0	42.888888888888886	60.0	18	18						false										
ON023025.1	1566	REF	ref	G		36	36	1.0	42.888888888888886	60.0	18	18						false										
ON023025.1	1567	REF	ref	T		36	36	1.0	43.333333333333336	60.0	18	18						false										
ON023025.1	1568	REF	ref	G		36	36	1.0	43.333333333333336	60.0	18	18						false										
ON023025.1	1569	REF	ref	G		36	36	1.0	43.333333333333336	60.0	18	18						false										
ON023025.1	1570	REF	ref	T		36	36	1.0	43.333333333333336	60.0	18	18						false										
ON023025.1	1571	REF	ref	T		36	36	1.0	43.333333333333336	60.0	18	18						false										
ON023025.1	1572	REF	ref	T		36	36	1.0	43.333333333333336	60.0	18	18						false										
ON023025.1	1573	REF	ref	T		36	36	1.0	43.333333333333336	60.0	18	18						false										
ON023025.1	1574	REF	ref	A		36	36	1.0	42.888888888888886	60.0	18	18						false										
ON023025.1	1575	REF	ref	C		36	36	1.0	43.333333333333336	60.0	18	18						false										
ON023025.1	1576	REF	ref	G		36	36	1.0	43.333333333333336	60.0	18	18						false										
ON023025.1	1577	REF	ref	G		36	36	1.0	43.333333333333336	60.0	18	18						false										
ON023025.1	1578	REF	ref	G		36	36	1.0	42.888888888888886	60.0	18	18						false										
ON023025.1	1579	REF	ref	C		36	36	1.0	43.333333333333336	60.0	18	18						false										
ON023025.1	1580	REF	ref	C		36	36	1.0	47.77777777777778	60.0	15	21						false										
ON023025.1	1581	REF	ref	C		36	36	1.0	47.77777777777778	60.0	15	21						false										
ON023025.1	1582	REF	ref	C		35	35	1.0	44.34285714285714	60.0	14	21						false										
ON023025.1	1583	REF	ref	C		36	36	1.0	47.333333333333336	60.0	15	21						false										
ON023025.1	1584	REF	ref	G		35	0	0.0			0	0						false										
ON023025.1	1584	SNV	alt	G	A	35	35	1.0	47.542857142857144	60.0	0	0	14	21	1.0	Ts		true	NS1	gene-NS1	+	CCG	CCA	P	P	330	3	synonymous
ON023025.1	1585	REF	ref	A		24	24	1.0	50.333333333333336	60.0	3	21						false										
ON023025.1	1586	REF	ref	G		24	24	1.0	47.0	60.0	3	21						false										
ON023025.1	1587	REF	ref	C		24	24	1.0	51.0	60.0	3	21						false										
ON023025.1	1588	REF	ref	A		24	24	1.0	51.0	60.0	3	21						false										
ON023025.1	1589	REF	ref	C		24	24	1.0	50.375	60.0	3	21						false										
ON023025.1	1590	REF	ref	T		24	24	1.0	51.0	60.0	3	21						false										
ON023025.1	1591	REF	ref	G		24	24	1.0	51.0	60.0	3	21						false										
ON023025.1	1592	REF	ref	G		24	24	1.0	51.0	60.0	3	21						false										
ON023025.1	1593	REF	ref	A		24	0	0.0			0	0						false										
ON023025.1	1593	SNV	alt	A	G	24	24	1.0	51.666666666666664	60.0	0	0	3	21	1.0	Ts		true	NS1	gene-NS1	+	GGA	GGG	G	G	333	3	synonymous
ON023025.1	1594	REF	ref	A		24	24	1.0	49.666666666666664	60.0	3	21						false										
ON023025.1	1595	REF	ref	A		24	24	1.0	51.0	60.0	3	21						false										
ON023025.1	1596	REF	ref	A		24	24	1.0	51.0	60.0	3	21						false										
ON023025.1	1597	REF	ref	A		24	24	1.0	51.666666666666664	60.0	3	21						false										
ON023025.1	1598	REF	ref	C		24	24	1.0	51.666666666666664	60.0	3	21						false										
ON023025.1	1599	REF	ref	A		13	13	1.0	61.53846153846154	60.0	3	10						false										
ON023025.1	1600	REF	ref	A		13	13	1.0	61.53846153846154	60.0	3	10						false										
ON023025.1	1601	REF	ref	A		13	13	1.0	60.30769230769231	60.0	3	10						false										
ON023025.1	1602	REF	ref	T		13	13	1.0	60.30769230769231	60.0	3	10						false										
ON023025.1	1603	REF	ref	T		13	13	1.0	60.30769230769231	60.0	3	10						false										
ON023025.1	1604	REF	ref	T		13	13	1.0	60.30769230769231	60.0	3	10						false										
ON023025.1	1605	REF	ref	G		13	13	1.0	61.53846153846154	60.0	3	10						false										
ON023025.1	1606	REF	ref	G		13	13	1.0	60.30769230769231	60.0	3	10						false										
ON023025.1	1607	REF	ref	C		13	13	1.0	61.53846153846154	60.0	3	10						false										
ON023025.1	1608	REF	ref	A		13	13	1.0	61.53846153846154	60.0	3	10						false										
ON023025.1	1609	REF	ref	A		13	13	1.0	60.30769230769231	60.0	3	10						false										
ON023025.1	1610	REF	ref	T		13	13	1.0	60.30769230769231	60.0	3	10						false										
ON023025.1	1611	REF	ref	G		13	13	1.0	61.53846153846154	60.0	3	10						false										
ON023025.1	1612	REF	ref	G		13	13	1.0	61.53846153846154	60.0	3	10						false										
ON023025.1	1613	REF	ref	C		7	7	1.0	77.71428571428571	60.0	3	4						false										
ON023025.1	1614	REF	ref	T		7	7	1.0	80.0	60.0	3	4						false										
ON023025.1	1615	REF	ref	A		7	7	1.0	77.71428571428571	60.0	3	4						false										
ON023025.1	1616	REF	ref	T		7	7	1.0	80.0	60.0	3	4						false										
ON023025.1	1617	REF	ref	T		7	7	1.0	80.0	60.0	3	4						false										
ON023025.1	1618	REF	ref	G		14	14	1.0	60.0	60.0	10	4						false										
ON023025.1	1619	REF	ref	C		14	14	1.0	60.0	60.0	10	4						false										
ON023025.1	1620	REF	ref	C		14	14	1.0	60.0	60.0	10	4						false										
ON023025.1	1621	REF	ref	A		14	14	1.0	58.857142857142854	60.0	10	4						false										
ON023025.1	1622	REF	ref	A		14	14	1.0	58.857142857142854	60.0	10	4						false										
ON023025.1	1623	REF	ref	A		14	14	1.0	60.0	60.0	10	4						false										
ON023025.1	1624	REF	ref	A		14	14	1.0	60.0	60.0	10	4						false										
ON023025.1	1625	REF	ref	C		14	14	1.0	58.857142857142854	60.0	10	4						false										
ON023025.1	1626	REF	ref	T		14	14	1.0	58.857142857142854	60.0	10	4						false										
ON023025.1	1627	REF	ref	G		14	14	1.0	60.0	60.0	10	4						false										
ON023025.1	1628	REF	ref	T		14	14	1.0	51.42857142857143	59.142857142857146	8	6						false										
ON023025.1	1629	REF	ref	C		14	0	0.0			0	0						false										
ON023025.1	1629	SNV	alt	C	T	14	14	1.0	51.42857142857143	59.142857142857146	0	0	8	6	1.0	Ts		true	NS1	gene-NS1	+	GTC	GTT	V	V	345	3	synonymous
ON023025.1	1630	REF	ref	C		14	14	1.0	51.42857142857143	59.142857142857146	8	6						false										
ON023025.1	1631	REF	ref	C		14	14	1.0	51.42857142857143	59.142857142857146	8	6						false										
ON023025.1	1632	REF	ref	A		14	14	1.0	51.42857142857143	59.142857142857146	8	6						false										
ON023025.1	1633	REF	ref	G		14	14	1.0	51.42857142857143	59.142857142857146	8	6						false										
ON023025.1	1634	REF	ref	T		14	14	1.0	40.0	59.142857142857146	7	7						false										
ON023025.1	1635	REF	ref	G		14	0	0.0			0	0						false										
ON023025.1	1635	SNV	alt	G	A	14	14	1.0	40.0	59.142857142857146	0	0	7	7	1.0	Ts		true	NS1	gene-NS1	+	GTG	GTA	V	V	347	3	synonymous
ON023025.1	1636	REF	ref	T		14	14	1.0	38.857142857142854	59.142857142857146	7	7						false										
ON023025.1	1637	REF	ref	A		14	14	1.0	40.0	59.142857142857146	7	7						false										
ON023025.1	1638	REF	ref	T		14	14	1.0	38.857142857142854	59.142857142857146	7	7						false										
ON023025.1	1639	REF	ref	G		14	14	1.0	40.0	59.142857142857146	7	7						false										
ON023025.1	1640	REF	ref	G		14	14	1.0	38.857142857142854	59.142857142857146	7	7						false										
ON023025.1	1641	REF	ref	C		14	14	1.0	40.0	59.142857142857146	7	7						false										
ON023025.1	1642	REF	ref	A		14	14	1.0	40.0	59.142857142857146	7	7						false										
ON023025.1	1643	REF	ref	T		14	14	1.0	40.0	59.142857142857146	7	7						false										
ON023025.1	1644	REF	ref	G		14	14	1.0	40.0	59.142857142857146	7	7						false										
ON023025.1	1645	REF	ref	G		14	14	1.0	40.0	59.142857142857146	7	7						false										
ON023025.1	1646	REF	ref	T		14	14	1.0	40.0	59.142857142857146	7	7						false										
ON023025.1	1647	REF	ref	T		14	14	1.0	38.857142857142854	59.142857142857146	7	7						false										
ON023025.1	1648	REF	ref	A		14	14	1.0	40.0	59.142857142857146	7	7						false										
ON023025.1	1649	REF	ref	A		14	14	1.0	40.0	59.142857142857146	7	7						false										
ON023025.1	1650	REF	ref	T		14	14	1.0	40.0	59.142857142857146	7	7						false										
ON023025.1	1651	REF	ref	T		14	14	1.0	40.0	59.142857142857146	7	7						false										
ON023025.1	1652	REF	ref	G		14	14	1.0	38.857142857142854	59.142857142857146	7	7						false										
ON023025.1	1653	REF	ref	G		14	14	1.0	40.0	59.142857142857146	7	7						false										
ON023025.1	1654	REF	ref	A		14	14	1.0	40.0	59.142857142857146	7	7						false										
ON023025.1	1655	REF	ref	A		14	14	1.0	40.0	59.142857142857146	7	7						false										
ON023025.1	1656	REF	ref	T		14	14	1.0	38.857142857142854	59.142857142857146	7	7						false										
ON023025.1	1657	REF	ref	A		14	14	1.0	40.0	59.142857142857146	7	7						false										
ON023025.1	1658	REF	ref	A		14	14	1.0	40.0	59.142857142857146	7	7						false										
ON023025.1	1659	REF	ref	T		14	14	1.0	40.0	59.142857142857146	7	7						false										
ON023025.1	1660	REF	ref	G		14	14	1.0	40.0	59.142857142857146	7	7						false										
ON023025.1	1661	REF	ref	A		14	14	1.0	40.0	59.142857142857146	7	7						false										
ON023025.1	1662	REF	ref	A		14	14	1.0	40.0	59.142857142857146	7	7						false										
ON023025.1	1663	REF	ref	A		14	14	1.0	40.0	59.142857142857146	7	7						false										
ON023025.1	1664	REF	ref	A		14	14	1.0	38.857142857142854	59.142857142857146	7	7						false										
ON023025.1	1665	REF	ref	T		14	14	1.0	40.0	59.142857142857146	7	7						false										
ON023025.1	1666	REF	ref	T		14	14	1.0	40.0	59.142857142857146	7	7						false										
ON023025.1	1667	REF	ref	T		26	26	1.0	40.0	59.53846153846154	7	19						false										
ON023025.1	1668	REF	ref	T		26	26	1.0	40.0	59.53846153846154	7	19						false										
ON023025.1	1669	REF	ref	C		26	26	1.0	40.0	59.53846153846154	7	19						false										
ON023025.1	1670	REF	ref	C		26	26	1.0	40.0	59.53846153846154	7	19						false										
ON023025.1	1671	REF	ref	A		26	26	1.0	40.0	59.53846153846154	7	19						false										
ON023025.1	1672	REF	ref	T		26	26	1.0	40.0	59.53846153846154	7	19						false										
ON023025.1	1673	REF	ref	T		26	26	1.0	40.0	59.53846153846154	7	19						false										
ON023025.1	1674	REF	ref	T		26	26	1.0	40.0	59.53846153846154	7	19						false										
ON023025.1	1675	REF	ref	A		26	26	1.0	40.0	59.53846153846154	7	19						false										
ON023025.1	1676	REF	ref	A		26	26	1.0	40.0	59.53846153846154	7	19						false										
ON023025.1	1677	REF	ref	T		26	26	1.0	39.38461538461539	59.53846153846154	7	19						false										
ON023025.1	1678	REF	ref	G		26	26	1.0	40.0	59.53846153846154	7	19						false										
ON023025.1	1679	REF	ref	A		26	26	1.0	40.0	59.53846153846154	7	19						false										
ON023025.1	1680	REF	ref	T		26	26	1.0	39.38461538461539	59.53846153846154	7	19						false										
ON023025.1	1681	REF	ref	G		26	26	1.0	40.0	59.53846153846154	7	19						false										
ON023025.1	1682	REF	ref	T		26	26	1.0	40.0	59.53846153846154	7	19						false										
ON023025.1	1683	REF	ref	A		26	26	1.0	40.0	59.53846153846154	7	19						false										
ON023025.1	1684	REF	ref	G		44	44	1.0	40.0	59.72727272727273	25	19						false										
ON023025.1	1685	REF	ref	C		43	43	1.0	39.627906976744185	59.72093023255814	24	19						false										
ON023025.1	1686	REF	ref	G		44	44	1.0	39.27272727272727	59.72727272727273	25	19						false										
ON023025.1	1687	REF	ref	G		44	44	1.0	39.63636363636363	59.72727272727273	25	19						false										
ON023025.1	1688	REF	ref	G		41	41	1.0	39.609756097560975	60.0	25	16						false										
ON023025.1	1689	REF	ref	G		41	41	1.0	39.21951219512195	60.0	25	16						false										
ON023025.1	1690	REF	ref	A		41	41	1.0	39.609756097560975	60.0	25	16						false										
ON023025.1	1691	REF	ref	A		41	41	1.0	39.609756097560975	60.0	25	16						false										
ON023025.1	1692	REF	ref	A		41	41	1.0	39.21951219512195	60.0	25	16						false										
ON023025.1	1693	REF	ref	A		40	40	1.0	40.0	60.0	24	16						false										
ON023025.1	1694	REF	ref	G		41	41	1.0	40.0	60.0	25	16						false										
ON023025.1	1695	REF	ref	T		41	41	1.0	39.609756097560975	60.0	25	16						false										
ON023025.1	1696	REF	ref	T		41	41	1.0	40.0	60.0	25	16						false										
ON023025.1	1697	REF	ref	T		41	41	1.0	39.609756097560975	60.0	25	16						false										
ON023025.1	1698	REF	ref	G		41	41	1.0	39.21951219512195	60.0	25	16						false										
ON023025.1	1699	REF	ref	G		41	41	1.0	39.609756097560975	60.0	25	16						false										
ON023025.1	1700	REF	ref	T		41	41	1.0	39.609756097560975	60.0	25	16						false										
ON023025.1	1701	REF	ref	G		41	41	1.0	40.0	60.0	25	16						false										
ON023025.1	1702	REF	ref	G		41	41	1.0	39.609756097560975	60.0	25	16						false										
ON023025.1	1703	REF	ref	T		40	40	1.0	40.0	60.0	24	16						false										
ON023025.1	1704	REF	ref	C		40	40	1.0	39.6	60.0	24	16						false										
ON023025.1	1705	REF	ref	T		40	40	1.0	40.0	60.0	25	15						false										
ON023025.1	1706	REF	ref	G		41	41	1.0	40.0	60.0	25	16						false										
ON023025.1	1707	REF	ref	G		41	41	1.0	39.21951219512195	60.0	25	16						false										
ON023025.1	1708	REF	ref	G		41	41	1.0	40.0	60.0	25	16						false										
ON023025.1	1709	REF	ref	A		41	41	1.0	40.0	60.0	25	16						false										
ON023025.1	1710	REF	ref	T		41	41	1.0	40.0	60.0	25	16						false										
ON023025.1	1711	REF	ref	G		41	41	1.0	39.609756097560975	60.0	25	16						false										
ON023025.1	1712	REF	ref	A		40	40	1.0	39.6	60.0	25	15						false										
ON023025.1	1713	REF	ref	A		41	41	1.0	40.0	60.0	25	16						false										
ON023025.1	1714	REF	ref	G		40	40	1.0	39.6	60.0	24	16						false										
ON023025.1	1715	REF	ref	G		41	41	1.0	40.0	60.0	25	16						false										
ON023025.1	1716	REF	ref	C		41	41	1.0	39.609756097560975	60.0	25	16						false										
ON023025.1	1717	REF	ref	A		41	41	1.0	40.0	60.0	25	16						false										
ON023025.1	1718	REF	ref	T		40	40	1.0	40.0	60.0	24	16						false										
ON023025.1	1719	REF	ref	T		41	41	1.0	39.609756097560975	60.0	25	16						false										
ON023025.1	1720	REF	ref	A		40	40	1.0	40.0	60.0	24	16						false										
ON023025.1	1721	REF	ref	T		41	41	1.0	39.21951219512195	60.0	25	16						false										
ON023025.1	1722	REF	ref	T		41	41	1.0	39.21951219512195	60.0	25	16						false										
ON023025.1	1723	REF	ref	A		41	41	1.0	39.609756097560975	60.0	25	16						false										
ON023025.1	1724	REF	ref	A		41	41	1.0	45.65853658536585	60.0	20	21						false										
ON023025.1	1725	REF	ref	G		41	41	1.0	46.4390243902439	60.0	20	21						false										
ON023025.1	1726	REF	ref	T		41	41	1.0	63.609756097560975	60.0	11	30						false										
ON023025.1	1727	REF	ref	C		41	41	1.0	64.39024390243902	60.0	11	30						false										
ON023025.1	1728	REF	ref	C		41	41	1.0	63.609756097560975	60.0	11	30						false										
ON023025.1	1729	REF	ref	A		41	41	1.0	64.0	60.0	11	30						false										
ON023025.1	1730	REF	ref	C		40	40	1.0	64.2	60.0	11	29						false										
ON023025.1	1731	REF	ref	T		37	37	1.0	65.72972972972973	60.0	11	26						false										
ON023025.1	1732	REF	ref	A		37	37	1.0	67.02702702702703	60.0	11	26						false										
ON023025.1	1733	REF	ref	T		37	37	1.0	66.16216216216216	60.0	11	26						false										
ON023025.1	1734	REF	ref	T		37	37	1.0	67.02702702702703	60.0	11	26						false										
ON023025.1	1735	REF	ref	G		37	37	1.0	66.5945945945946	60.0	11	26						false										
ON023025.1	1736	REF	ref	T		37	37	1.0	66.16216216216216	60.0	11	26						false										
ON023025.1	1737	REF	ref	G		37	37	1.0	67.02702702702703	60.0	11	26						false										
ON023025.1	1738	REF	ref	G		37	37	1.0	65.72972972972973	60.0	11	26						false										
ON023025.1	1739	REF	ref	A		37	37	1.0	66.5945945945946	60.0	11	26						false										
ON023025.1	1740	REF	ref	A		37	37	1.0	65.72972972972973	60.0	11	26						false										
ON023025.1	1741	REF	ref	G		37	37	1.0	66.16216216216216	60.0	11	26						false										
ON023025.1	1742	REF	ref	C		37	37	1.0	67.02702702702703	60.0	11	26						false										
ON023025.1	1743	REF	ref	T		37	37	1.0	67.02702702702703	60.0	11	26						false										
ON023025.1	1744	REF	ref	G		37	37	1.0	67.02702702702703	60.0	11	26						false										
ON023025.1	1745	REF	ref	C		37	37	1.0	67.02702702702703	60.0	11	26						false										
ON023025.1	1746	REF	ref	A		37	37	1.0	66.5945945945946	60.0	11	26						false										
ON023025.1	1747	REF	ref	A		37	37	1.0	66.5945945945946	60.0	11	26						false										
ON023025.1	1748	REF	ref	A		37	37	1.0	66.5945945945946	60.0	11	26						false										
ON023025.1	1749	REF	ref	A		37	0	0.0			0	0						false										
ON023025.1	1749	SNV	alt	A	G	37	37	1.0	66.5945945945946	60.0	0	0	11	26	1.0	Ts		true	NS1	gene-NS1	+	AAA	AAG	K	K	385	3	synonymous
ON023025.1	1750	REF	ref	G		37	37	1.0	67.02702702702703	60.0	11	26						false										
ON023025.1	1751	REF	ref	C		37	37	1.0	67.02702702702703	60.0	11	26						false										
ON023025.1	1752	REF	ref	C		37	37	1.0	67.02702702702703	60.0	11	26						false										
ON023025.1	1753	REF	ref	A		37	37	1.0	67.02702702702703	60.0	11	26						false										
ON023025.1	1754	REF	ref	T		37	37	1.0	67.02702702702703	60.0	11	26						false										
ON023025.1	1755	REF	ref	T		37	37	1.0	66.16216216216216	60.0	11	26						false										
ON023025.1	1756	REF	ref	T		37	37	1.0	67.02702702702703	60.0	11	26						false										
ON023025.1	1757	REF	ref	T		37	37	1.0	67.02702702702703	60.0	11	26						false										
ON023025.1	1758	REF	ref	A		36	36	1.0	67.33333333333333	60.0	11	25						false										
ON023025.1	1759	REF	ref	G		37	37	1.0	64.86486486486487	60.0	11	26						false										
ON023025.1	1760	REF	ref	G		37	37	1.0	66.5945945945946	60.0	11	26						false										
ON023025.1	1761	REF	ref	C		37	37	1.0	67.02702702702703	60.0	11	26						false										
ON023025.1	1762	REF	ref	G		37	37	1.0	67.02702702702703	60.0	11	26						false										
ON023025.1	1763	REF	ref	G		37	37	1.0	66.16216216216216	60.0	11	26						false										
ON023025.1	1764	REF	ref	T		37	37	1.0	67.02702702702703	60.0	11	26						false										
ON023025.1	1765	REF	ref	C		37	37	1.0	67.02702702702703	60.0	11	26						false										
ON023025.1	1766	REF	ref	A		37	37	1.0	67.02702702702703	60.0	11	26						false										
ON023025.1	1767	REF	ref	G		37	0	0.0			0	0						false										
ON023025.1	1767	SNV	alt	G	A	37	37	1.0	67.02702702702703	60.0	0	0	11	26	1.0	Ts		true	NS1	gene-NS1	+	CAG	CAA	Q	Q	391	3	synonymous
ON023025.1	1768	REF	ref	C		37	37	1.0	67.02702702702703	60.0	11	26						false										
ON023025.1	1769	REF	ref	C		37	37	1.0	59.45945945945946	60.0	9	28						false										
ON023025.1	1770	REF	ref	A		37	37	1.0	59.45945945945946	60.0	9	28						false										
ON023025.1	1771	REF	ref	A		37	37	1.0	59.45945945945946	60.0	9	28						false										
ON023025.1	1772	REF	ref	C		37	37	1.0	58.5945945945946	60.0	9	28						false										
ON023025.1	1773	REF	ref	C		37	37	1.0	59.45945945945946	60.0	9	28						false										
ON023025.1	1774	REF	ref	A		37	37	1.0	57.729729729729726	60.0	9	28						false										
ON023025.1	1775	REF	ref	G		37	37	1.0	59.45945945945946	60.0	9	28						false										
ON023025.1	1776	REF	ref	G		37	37	1.0	59.45945945945946	60.0	9	28						false										
ON023025.1	1777	REF	ref	G		37	37	1.0	59.45945945945946	60.0	9	28						false										
ON023025.1	1778	REF	ref	T		37	37	1.0	59.45945945945946	60.0	9	28						false										
ON023025.1	1779	REF	ref	A		37	37	1.0	59.027027027027025	60.0	9	28						false										
ON023025.1	1780	REF	ref	G		37	37	1.0	59.027027027027025	60.0	9	28						false										
ON023025.1	1781	REF	ref	A		37	37	1.0	59.45945945945946	60.0	9	28						false										
ON023025.1	1782	REF	ref	T		37	37	1.0	59.45945945945946	60.0	9	28						false										
ON023025.1	1783	REF	ref	C		37	37	1.0	59.027027027027025	60.0	9	28						false										
ON023025.1	1784	REF	ref	A		37	36	0.972972972972973	58.0	60.0	9	27						false										
ON023025.1	1784	SNV	alt	A	C	37	1	0.02702702702702703	32.0	60.0	9	27	0	1	0.9999999999999866	Tv		true	NS1	gene-NS1	+	CAA	CCA	Q	P	397	2	missense
ON023025.1	1785	REF	ref	A		37	37	1.0	59.45945945945946	60.0	9	28						false										
ON023025.1	1786	REF	ref	A		37	37	1.0	59.027027027027025	60.0	9	28						false										
ON023025.1	1787	REF	ref	A		37	37	1.0	58.62162162162162	60.0	9	28						false										
ON023025.1	1788	REF	ref	A		37	37	1.0	59.45945945945946	60.0	9	28						false										
ON023025.1	1789	REF	ref	A		37	37	1.0	59.027027027027025	60.0	9	28						false										
ON023025.1	1790	REF	ref	T		37	37	1.0	59.45945945945946	60.0	9	28						false										
ON023025.1	1791	REF	ref	G		37	37	1.0	58.5945945945946	60.0	9	28						false										
ON023025.1	1792	REF	ref	C		37	37	1.0	59.45945945945946	60.0	9	28						false										
ON023025.1	1793	REF	ref	G		37	37	1.0	59.027027027027025	60.0	9	28						false										
ON023025.1	1794	REF	ref	T		37	37	1.0	59.45945945945946	60.0	9	28						false										
ON023025.1	1795	REF	ref	G		37	37	1.0	59.027027027027025	60.0	9	28						false										
ON023025.1	1796	REF	ref	G		37	37	1.0	59.45945945945946	60.0	9	28						false										
ON023025.1	1797	REF	ref	C		37	37	1.0	59.45945945945946	60.0	9	28						false										
ON023025.1	1798	REF	ref	A		37	37	1.0	59.027027027027025	60.0	9	28						false										
ON023025.1	1799	REF	ref	G		37	37	1.0	59.45945945945946	60.0	9	28						false										
ON023025.1	1800	REF	ref	T		37	37	1.0	59.45945945945946	60.0	9	28						false										
ON023025.1	1801	REF	ref	G		37	37	1.0	59.027027027027025	60.0	9	28						false										
ON023025.1	1802	REF	ref	T		37	37	1.0	59.027027027027025	60.0	9	28						false										
ON023025.1	1803	REF	ref	G		37	37	1.0	59.027027027027025	60.0	9	28						false										
ON023025.1	1804	REF	ref	G		37	37	1.0	59.45945945945946	60.0	9	28						false										
ON023025.1	1805	REF	ref	C		37	37	1.0	59.027027027027025	60.0	9	28						false										
ON023025.1	1806	REF	ref	A		37	37	1.0	59.45945945945946	60.0	9	28						false										
ON023025.1	1807	REF	ref	G		37	37	1.0	59.027027027027025	60.0	9	28						false										
ON023025.1	1808	REF	ref	T		37	37	1.0	59.45945945945946	60.0	9	28						false										
ON023025.1	1809	REF	ref	G		37	37	1.0	59.45945945945946	60.0	9	28						false										
ON023025.1	1810	REF	ref	C		37	37	1.0	59.45945945945946	60.0	9	28						false										
ON023025.1	1811	REF	ref	C		40	40	1.0	61.0	60.0	12	28						false										
ON023025.1	1812	REF	ref	T		40	40	1.0	61.0	60.0	12	28						false										
ON023025.1	1813	REF	ref	G		40	40	1.0	61.0	60.0	12	28						false										
ON023025.1	1814	REF	ref	G		40	40	1.0	60.6	60.0	12	28						false										
ON023025.1	1815	REF	ref	T		40	40	1.0	59.8	60.0	12	28						false										
ON023025.1	1816	REF	ref	G		40	40	1.0	61.0	60.0	12	28						false										
ON023025.1	1817	REF	ref	T		40	40	1.0	60.6	60.0	12	28						false										
ON023025.1	1818	REF	ref	G		28	28	1.0	70.0	60.0	12	16						false										
ON023025.1	1819	REF	ref	C		28	28	1.0	70.0	60.0	12	16						false										
ON023025.1	1820	REF	ref	C		28	28	1.0	68.85714285714286	60.0	12	16						false										
ON023025.1	1821	REF	ref	A		28	28	1.0	70.0	60.0	12	16						false										
ON023025.1	1822	REF	ref	G		28	28	1.0	70.0	60.0	12	16						false										
ON023025.1	1823	REF	ref	T		28	28	1.0	70.0	60.0	12	16						false										
ON023025.1	1824	REF	ref	G		28	28	1.0	69.42857142857143	60.0	12	16						false										
ON023025.1	1825	REF	ref	G		28	28	1.0	70.0	60.0	12	16						false										
ON023025.1	1826	REF	ref	T		28	28	1.0	70.0	60.0	12	16						false										
ON023025.1	1827	REF	ref	A		28	28	1.0	70.0	60.0	12	16						false										
ON023025.1	1828	REF	ref	A		28	28	1.0	69.42857142857143	60.0	12	16						false										
ON023025.1	1829	REF	ref	T		28	28	1.0	70.0	60.0	12	16						false										
ON023025.1	1830	REF	ref	A		28	28	1.0	70.0	60.0	12	16						false										
ON023025.1	1831	REF	ref	A		28	28	1.0	70.0	60.0	12	16						false										
ON023025.1	1832	REF	ref	C		28	28	1.0	70.0	60.0	12	16						false										
ON023025.1	1833	REF	ref	C		28	28	1.0	68.89285714285714	60.0	12	16						false										
ON023025.1	1834	REF	ref	A		28	28	1.0	70.0	60.0	12	16						false										
ON023025.1	1835	REF	ref	G		28	28	1.0	44.285714285714285	60.0	3	25						false										
ON023025.1	1836	REF	ref	C		28	28	1.0	44.285714285714285	60.0	3	25						false										
ON023025.1	1837	REF	ref	A		28	28	1.0	44.285714285714285	60.0	3	25						false										
ON023025.1	1838	REF	ref	A		28	28	1.0	44.285714285714285	60.0	3	25						false										
ON023025.1	1839	REF	ref	T		28	28	1.0	44.285714285714285	60.0	3	25						false										
ON023025.1	1840	REF	ref	G		28	28	1.0	44.285714285714285	60.0	3	25						false										
ON023025.1	1841	REF	ref	G		28	28	1.0	43.142857142857146	60.0	3	25						false										
ON023025.1	1842	REF	ref	T		28	28	1.0	44.285714285714285	60.0	3	25						false										
ON023025.1	1843	REF	ref	G		28	28	1.0	44.285714285714285	60.0	3	25						false										
ON023025.1	1844	REF	ref	A		28	28	1.0	44.285714285714285	60.0	3	25						false										
ON023025.1	1845	REF	ref	C		28	28	1.0	44.285714285714285	60.0	3	25						false										
ON023025.1	1846	REF	ref	A		28	27	0.9642857142857143	44.44444444444444	60.0	3	24						false										
ON023025.1	1846	SNV	alt	A	C	28	1	0.03571428571428571	40.0	60.0	3	24	0	1	1.0	Tv		true	NS1	gene-NS1	+	ATT	CTT	I	L	418	1	missense
ON023025.1	1847	REF	ref	T		28	28	1.0	44.285714285714285	60.0	3	25						false										
ON023025.1	1848	REF	ref	T		28	28	1.0	44.285714285714285	60.0	3	25						false										
ON023025.1	1849	REF	ref	A		28	28	1.0	44.285714285714285	60.0	3	25						false										
ON023025.1	1850	REF	ref	C		28	28	1.0	44.285714285714285	60.0	3	25						false										
ON023025.1	1851	REF	ref	C		28	28	1.0	44.285714285714285	60.0	3	25						false										
ON023025.1	1852	REF	ref	T		28	28	1.0	44.285714285714285	60.0	3	25						false										
ON023025.1	1853	REF	ref	T		28	28	1.0	44.285714285714285	60.0	3	25						false										
ON023025.1	1854	REF	ref	T		28	28	1.0	44.285714285714285	60.0	3	25						false										
ON023025.1	1855	REF	ref	G		28	28	1.0	44.285714285714285	60.0	3	25						false										
ON023025.1	1856	REF	ref	T		28	28	1.0	44.285714285714285	60.0	3	25						false										
ON023025.1	1857	REF	ref	T		28	28	1.0	44.285714285714285	60.0	3	25						false										
ON023025.1	1858	REF	ref	G		28	28	1.0	44.285714285714285	60.0	3	25						false										
ON023025.1	1859	REF	ref	T		28	28	1.0	44.285714285714285	60.0	3	25						false										
ON023025.1	1860	REF	ref	A		28	28	1.0	44.285714285714285	60.0	3	25						false										
ON023025.1	1861	REF	ref	A		28	28	1.0	44.285714285714285	60.0	3	25						false										
ON023025.1	1862	REF	ref	G		28	28	1.0	44.285714285714285	60.0	3	25						false										
ON023025.1	1863	REF	ref	T		28	28	1.0	44.285714285714285	60.0	3	25						false										
ON023025.1	1864	REF	ref	G		28	28	1.0	44.285714285714285	60.0	3	25						false										
ON023025.1	1865	REF	ref	G		28	28	1.0	44.285714285714285	60.0	3	25						false										
ON023025.1	1866	REF	ref	T		28	28	1.0	44.285714285714285	60.0	3	25						false										
ON023025.1	1867	REF	ref	A		28	28	1.0	43.714285714285715	60.0	3	25						false										
ON023025.1	1868	REF	ref	A		28	28	1.0	44.285714285714285	60.0	3	25						false										
ON023025.1	1869	REF	ref	T		28	28	1.0	44.285714285714285	60.0	3	25						false										
ON023025.1	1870	REF	ref	A		28	28	1.0	44.285714285714285	60.0	3	25						false										
ON023025.1	1871	REF	ref	C		28	28	1.0	44.285714285714285	60.0	3	25						false										
ON023025.1	1872	REF	ref	C		28	28	1.0	43.714285714285715	60.0	3	25						false										
ON023025.1	1873	REF	ref	A		28	28	1.0	44.285714285714285	60.0	3	25						false										
ON023025.1	1874	REF	ref	C		28	28	1.0	44.285714285714285	60.0	3	25						false										
ON023025.1	1875	REF	ref	T		21	21	1.0	45.714285714285715	60.0	3	18						false										
ON023025.1	1876	REF	ref	A		21	21	1.0	45.714285714285715	60.0	3	18						false										
ON023025.1	1877	REF	ref	C		3	3	1.0	80.0	60.0	3	0						false										
ON023025.1	1878	REF	ref	A		3	3	1.0	80.0	60.0	3	0						false										
ON023025.1	1879	REF	ref	A		3	3	1.0	80.0	60.0	3	0						false										
ON023025.1	1880	REF	ref	C		3	3	1.0	80.0	60.0	3	0						false										
ON023025.1	1881	REF	ref	T		3	3	1.0	80.0	60.0	3	0						false										
ON023025.1	1882	REF	ref	G		3	3	1.0	80.0	60.0	3	0						false										
ON023025.1	1883	REF	ref	T		3	3	1.0	80.0	60.0	3	0						false										
ON023025.1	1884	REF	ref	C		3	3	1.0	80.0	60.0	3	0						false										
ON023025.1	1885	REF	ref	C		3	3	1.0	80.0	60.0	3	0						false										
ON023025.1	1886	REF	ref	A		3	3	1.0	80.0	60.0	3	0						false										
ON023025.1	1887	REF	ref	T		3	3	1.0	80.0	60.0	3	0						false										
ON023025.1	1888	REF	ref	G		3	3	1.0	80.0	60.0	3	0						false										
ON023025.1	1889	REF	ref	C		3	3	1.0	80.0	60.0	3	0						false										
ON023025.1	1890	REF	ref	T		3	3	1.0	80.0	60.0	3	0						false										
ON023025.1	1891	REF	ref	A		3	3	1.0	80.0	60.0	3	0						false										
ON023025.1	1892	REF	ref	A		3	3	1.0	80.0	60.0	3	0						false										
ON023025.1	1893	REF	ref	A		3	3	1.0	80.0	60.0	3	0						false										
ON023025.1	1894	REF	ref	G		3	3	1.0	80.0	60.0	3	0						false										
ON023025.1	1895	REF	ref	C		3	3	1.0	80.0	60.0	3	0						false										
ON023025.1	1896	REF	ref	C		3	3	1.0	80.0	60.0	3	0						false										
ON023025.1	1897	REF	ref	T		3	3	1.0	80.0	60.0	3	0						false										
ON023025.1	1898	REF	ref	T		3	3	1.0	80.0	60.0	3	0						false										
ON023025.1	1899	REF	ref	A		3	3	1.0	80.0	60.0	3	0						false										
ON023025.1	1900	REF	ref	A		3	3	1.0	80.0	60.0	3	0						false										
ON023025.1	1901	REF	ref	A		3	3	1.0	80.0	60.0	3	0						false										
ON023025.1	1902	REF	ref	G		3	3	1.0	80.0	60.0	3	0						false										
ON023025.1	1903	REF	ref	G		3	3	1.0	80.0	60.0	3	0						false										
ON023025.1	1904	REF	ref	A		3	3	1.0	80.0	60.0	3	0						false										
ON023025.1	1905	REF	ref	G		3	3	1.0	80.0	60.0	3	0						false										
ON023025.1	1906	REF	ref	C		3	3	1.0	80.0	60.0	3	0						false										
ON023025.1	1907	REF	ref	G		3	3	1.0	80.0	60.0	3	0						false										
ON023025.1	1908	REF	ref	A		3	3	1.0	80.0	60.0	3	0						false										
ON023025.1	1909	REF	ref	A		3	3	1.0	80.0	60.0	3	0						false										
ON023025.1	1910	REF	ref	T		3	3	1.0	80.0	60.0	3	0						false										
ON023025.1	1911	REF	ref	G		3	3	1.0	80.0	60.0	3	0						false										
ON023025.1	1912	REF	ref	G		3	3	1.0	80.0	60.0	3	0						false										
ON023025.1	1913	REF	ref	T		3	3	1.0	80.0	60.0	3	0						false										
ON023025.1	1914	REF	ref	A		3	3	1.0	80.0	60.0	3	0						false										
ON023025.1	1915	REF	ref	A		3	3	1.0	80.0	60.0	3	0						false										
ON023025.1	1916	REF	ref	A		3	3	1.0	80.0	60.0	3	0						false										
ON023025.1	1917	REF	ref	G		3	3	1.0	80.0	60.0	3	0						false										
ON023025.1	1918	REF	ref	C		3	3	1.0	80.0	60.0	3	0						false										
ON023025.1	1919	REF	ref	T		3	3	1.0	80.0	60.0	3	0						false										
ON023025.1	1920	REF	ref	A		3	3	1.0	80.0	60.0	3	0						false										
ON023025.1	1921	REF	ref	A		3	3	1.0	80.0	60.0	3	0						false										
ON023025.1	1922	REF	ref	A		3	3	1.0	80.0	60.0	3	0						false										
ON023025.1	1923	REF	ref	C		3	3	1.0	80.0	60.0	3	0						false										
ON023025.1	1924	REF	ref	T		3	3	1.0	80.0	60.0	3	0						false										
ON023025.1	1925	REF	ref	T		3	3	1.0	80.0	60.0	3	0						false										
ON023025.1	1926	REF	ref	T		3	3	1.0	80.0	60.0	3	0						false										
ON023025.1	1927	REF	ref	A		3	3	1.0	80.0	60.0	3	0						false										
ON023025.1	1928	REF	ref	C		3	3	1.0	80.0	60.0	3	0						false										
ON023025.1	1929	REF	ref	C		3	3	1.0	80.0	60.0	3	0						false										
ON023025.1	1930	REF	ref	G		3	3	1.0	80.0	60.0	3	0						false										
ON023025.1	1931	REF	ref	T		3	3	1.0	80.0	60.0	3	0						false										
ON023025.1	1932	REF	ref	A		3	3	1.0	80.0	60.0	3	0						false										
ON023025.1	1933	REF	ref	A		3	3	1.0	80.0	60.0	3	0						false										
ON023025.1	1934	REF	ref	G		3	3	1.0	80.0	60.0	3	0						false										
ON023025.1	1935	REF	ref	A		3	3	1.0	80.0	60.0	3	0						false										
ON023025.1	1936	REF	ref	T		3	3	1.0	80.0	60.0	3	0						false										
ON023025.1	1937	REF	ref	G		3	3	1.0	80.0	60.0	3	0						false										
ON023025.1	1938	REF	ref	C		3	3	1.0	80.0	60.0	3	0						false										
ON023025.1	1939	REF	ref	A		3	3	1.0	80.0	60.0	3	0						false										
ON023025.1	1940	REF	ref	G		3	3	1.0	80.0	60.0	3	0						false										
ON023025.1	1941	REF	ref	C		3	3	1.0	80.0	60.0	3	0						false										
ON023025.1	1942	REF	ref	C		3	3	1.0	80.0	60.0	3	0						false										
ON023025.1	1943	REF	ref	C		3	3	1.0	80.0	60.0	3	0						false										
ON023025.1	1944	REF	ref	T		3	3	1.0	80.0	60.0	3	0						false										
ON023025.1	1945	REF	ref	G		3	3	1.0	80.0	60.0	3	0						false										
ON023025.1	1946	REF	ref	A		3	3	1.0	80.0	60.0	3	0						false										
ON023025.1	1947	REF	ref	C		16	16	1.0	47.5	60.0	16	0						false										
ON023025.1	1948	REF	ref	A		16	16	1.0	47.5	60.0	16	0						false										
ON023025.1	1949	REF	ref	T		16	16	1.0	47.5	60.0	16	0						false										
ON023025.1	1950	REF	ref	G		16	16	1.0	47.5	60.0	16	0						false										
ON023025.1	1951	REF	ref	G		13	13	1.0	40.0	60.0	13	0						false										
ON023025.1	1952	REF	ref	G		13	13	1.0	40.0	60.0	13	0						false										
ON023025.1	1953	REF	ref	C		19	19	1.0	40.0	60.0	19	0						false										
ON023025.1	1954	REF	ref	T		19	19	1.0	40.0	60.0	19	0						false										
ON023025.1	1955	REF	ref	T		19	19	1.0	40.0	60.0	19	0						false										
ON023025.1	1956	REF	ref	A		19	19	1.0	39.1578947368421	60.0	19	0						false										
ON023025.1	1957	REF	ref	C		19	19	1.0	40.0	60.0	19	0						false										
ON023025.1	1958	REF	ref	T		19	19	1.0	40.0	60.0	19	0						false										
ON023025.1	1959	REF	ref	T		19	19	1.0	40.0	60.0	19	0						false										
ON023025.1	1960	REF	ref	A		19	19	1.0	40.0	60.0	19	0						false										
ON023025.1	1961	REF	ref	C		19	19	1.0	40.0	60.0	19	0						false										
ON023025.1	1962	REF	ref	A		19	19	1.0	39.1578947368421	60.0	19	0						false										
ON023025.1	1963	REF	ref	G		19	19	1.0	39.1578947368421	60.0	19	0						false										
ON023025.1	1964	REF	ref	A		19	19	1.0	38.31578947368421	60.0	19	0						false										
ON023025.1	1965	REF	ref	G		20	20	1.0	40.0	60.0	20	0						false										
ON023025.1	1966	REF	ref	G		20	20	1.0	39.2	60.0	20	0						false										
ON023025.1	1967	REF	ref	C		20	20	1.0	40.0	60.0	20	0						false										
ON023025.1	1968	REF	ref	T		20	20	1.0	40.0	60.0	20	0						false										
ON023025.1	1969	REF	ref	G		20	20	1.0	40.0	60.0	20	0						false										
ON023025.1	1970	REF	ref	A		20	20	1.0	39.2	60.0	20	0						false										
ON023025.1	1971	REF	ref	T		20	20	1.0	40.0	60.0	20	0						false										
ON023025.1	1972	REF	ref	G		20	20	1.0	40.0	60.0	20	0						false										
ON023025.1	1973	REF	ref	T		20	20	1.0	39.2	60.0	20	0						false										
ON023025.1	1974	REF	ref	A		20	20	1.0	39.2	60.0	20	0						false										
ON023025.1	1975	REF	ref	C		20	20	1.0	40.0	60.0	20	0						false										
ON023025.1	1976	REF	ref	A		20	20	1.0	40.0	60.0	20	0						false										
ON023025.1	1977	REF	ref	G		20	20	1.0	40.0	60.0	20	0						false										
ON023025.1	1978	REF	ref	C		20	20	1.0	40.0	60.0	20	0						false										
ON023025.1	1979	REF	ref	A		20	20	1.0	38.4	60.0	20	0						false										
ON023025.1	1980	REF	ref	A		20	20	1.0	40.0	60.0	20	0						false										
ON023025.1	1981	REF	ref	T		20	20	1.0	39.2	60.0	20	0						false										
ON023025.1	1982	REF	ref	G		20	20	1.0	40.0	60.0	20	0						false										
ON023025.1	1983	REF	ref	G		20	20	1.0	40.0	60.0	20	0						false										
ON023025.1	1984	REF	ref	C		20	20	1.0	40.0	60.0	20	0						false										
ON023025.1	1985	REF	ref	T		20	20	1.0	40.0	60.0	20	0						false										
ON023025.1	1986	REF	ref	A		20	20	1.0	40.0	60.0	20	0						false										
ON023025.1	1987	REF	ref	A		20	20	1.0	40.0	60.0	20	0						false										
ON023025.1	1988	REF	ref	C		20	20	1.0	40.0	60.0	20	0						false										
ON023025.1	1989	REF	ref	T		24	24	1.0	40.0	60.0	24	0						false										
ON023025.1	1990	REF	ref	T		24	24	1.0	40.0	60.0	24	0						false										
ON023025.1	1991	REF	ref	G		24	24	1.0	40.0	60.0	24	0						false										
ON023025.1	1992	REF	ref	G		24	24	1.0	40.0	60.0	24	0						false										
ON023025.1	1993	REF	ref	T		24	24	1.0	40.0	60.0	24	0						false										
ON023025.1	1994	REF	ref	G		24	24	1.0	40.0	60.0	24	0						false										
ON023025.1	1995	REF	ref	T		24	24	1.0	40.0	60.0	24	0						false										
ON023025.1	1996	REF	ref	A		24	24	1.0	40.0	60.0	24	0						false										
ON023025.1	1997	REF	ref	A		24	24	1.0	39.333333333333336	60.0	24	0						false										
ON023025.1	1998	REF	ref	T		24	24	1.0	40.0	60.0	24	0						false										
ON023025.1	1999	REF	ref	G		24	24	1.0	40.0	60.0	24	0						false										
ON023025.1	2000	REF	ref	C		24	24	1.0	40.0	60.0	24	0						false										
ON023025.1	2001	REF	ref	A		24	24	1.0	40.0	60.0	24	0						false										
ON023025.1	2002	REF	ref	C		24	24	1.0	40.0	60.0	24	0						false										
ON023025.1	2003	REF	ref	A		24	24	1.0	39.333333333333336	60.0	24	0						false										
ON023025.1	2004	REF	ref	A		24	24	1.0	40.0	60.0	24	0						false										
ON023025.1	2005	REF	ref	A		24	24	1.0	40.0	60.0	24	0						false										
ON023025.1	2006	REF	ref	G		24	24	1.0	40.0	60.0	24	0						false										
ON023025.1	2007	REF	ref	C		24	24	1.0	40.0	60.0	24	0						false										
ON023025.1	2008	REF	ref	T		24	24	1.0	40.0	60.0	24	0						false										
ON023025.1	2009	REF	ref	G		24	24	1.0	40.0	60.0	24	0						false										
ON023025.1	2010	REF	ref	G		24	24	1.0	40.0	60.0	24	0						false										
ON023025.1	2011	REF	ref	A		24	24	1.0	40.0	60.0	24	0						false										
ON023025.1	2012	REF	ref	A		24	24	1.0	40.0	60.0	24	0						false										
ON023025.1	2013	REF	ref	C		24	24	1.0	40.0	60.0	24	0						false										
ON023025.1	2014	REF	ref	C		23	23	1.0	40.0	60.0	23	0						false										
ON023025.1	2015	REF	ref	A		24	24	1.0	40.0	60.0	24	0						false										
ON023025.1	2016	REF	ref	C		24	24	1.0	40.0	60.0	24	0						false										
ON023025.1	2017	REF	ref	T		24	24	1.0	40.0	60.0	24	0						false										
ON023025.1	2018	REF	ref	A		24	24	1.0	40.0	60.0	24	0						false										
ON023025.1	2019	REF	ref	T		24	24	1.0	40.0	60.0	24	0						false										
ON023025.1	2020	REF	ref	G		24	24	1.0	40.0	60.0	24	0						false										
ON023025.1	2021	REF	ref	A		24	24	1.0	40.0	60.0	24	0						false										
ON023025.1	2022	REF	ref	A		23	23	1.0	40.0	60.0	23	0						false										
ON023025.1	2023	REF	ref	A		24	24	1.0	39.333333333333336	60.0	24	0						false										
ON023025.1	2024	REF	ref	A		24	24	1.0	40.0	60.0	24	0						false										
ON023025.1	2025	REF	ref	C		24	24	1.0	40.0	60.0	24	0						false										
ON023025.1	2026	REF	ref	T		24	24	1.0	40.0	60.0	24	0						false										
ON023025.1	2027	REF	ref	G		24	24	1.0	40.0	60.0	24	0						false										
ON023025.1	2028	REF	ref	G		24	24	1.0	40.0	60.0	24	0						false										
ON023025.1	2029	REF	ref	G		24	24	1.0	40.0	60.0	24	0						false										
ON023025.1	2030	REF	ref	C		24	24	1.0	40.0	60.0	24	0						false										
ON023025.1	2031	REF	ref	A		24	24	1.0	40.0	60.0	24	0						false										
ON023025.1	2032	REF	ref	A		24	24	1.0	39.333333333333336	60.0	24	0						false										
ON023025.1	2033	REF	ref	T		24	24	1.0	40.0	60.0	24	0						false										
ON023025.1	2034	REF	ref	A		24	24	1.0	39.333333333333336	60.0	24	0						false										
ON023025.1	2035	REF	ref	A		24	24	1.0	40.0	60.0	24	0						false										
ON023025.1	2036	REF	ref	A		24	24	1.0	40.0	60.0	24	0						false										
ON023025.1	2037	REF	ref	C		24	24	1.0	40.0	60.0	24	0						false										
ON023025.1	2038	REF	ref	T		24	24	1.0	40.0	60.0	24	0						false										
ON023025.1	2039	REF	ref	A		24	24	1.0	40.0	60.0	24	0						false										
ON023025.1	2040	REF	ref	C		24	24	1.0	40.0	60.0	24	0						false										
ON023025.1	2041	REF	ref	A		24	24	1.0	40.0	60.0	24	0						false										
ON023025.1	2042	REF	ref	C		24	24	1.0	40.0	60.0	24	0						false										
ON023025.1	2043	REF	ref	G		24	24	1.0	40.0	60.0	24	0						false										
ON023025.1	2044	REF	ref	T		24	24	1.0	40.0	60.0	24	0						false										
ON023025.1	2045	REF	ref	T		24	24	1.0	40.0	60.0	24	0						false										
ON023025.1	2046	REF	ref	T		24	24	1.0	40.0	60.0	24	0						false										
ON023025.1	2047	REF	ref	G		24	24	1.0	40.0	60.0	24	0						false										
ON023025.1	2048	REF	ref	A		24	24	1.0	40.0	60.0	24	0						false										
ON023025.1	2049	REF	ref	T		24	24	1.0	40.0	60.0	24	0						false										
ON023025.1	2050	REF	ref	T		24	24	1.0	40.0	60.0	24	0						false										
ON023025.1	2051	REF	ref	T		24	24	1.0	40.0	60.0	24	0						false										
ON023025.1	2052	REF	ref	C		24	24	1.0	40.0	60.0	24	0						false										
ON023025.1	2053	REF	ref	C		24	24	1.0	40.0	60.0	24	0						false										
ON023025.1	2054	REF	ref	C		24	24	1.0	39.333333333333336	60.0	24	0						false										
ON023025.1	2055	REF	ref	T		24	24	1.0	40.0	60.0	24	0						false										
ON023025.1	2056	REF	ref	G		24	24	1.0	40.0	60.0	24	0						false										
ON023025.1	2057	REF	ref	G		24	24	1.0	40.0	60.0	24	0						false										
ON023025.1	2058	REF	ref	A		24	24	1.0	40.0	60.0	24	0						false										
ON023025.1	2059	REF	ref	A		24	24	1.0	40.0	60.0	24	0						false										
ON023025.1	2060	REF	ref	T		24	24	1.0	40.0	60.0	24	0						false										
ON023025.1	2061	REF	ref	A		24	24	1.0	40.0	60.0	24	0						false										
ON023025.1	2062	REF	ref	A		24	24	1.0	39.333333333333336	60.0	24	0						false										
ON023025.1	2063	REF	ref	A		24	24	1.0	40.0	60.0	24	0						false										
ON023025.1	2064	REF	ref	T		24	24	1.0	40.0	60.0	24	0						false										
ON023025.1	2065	REF	ref	G		24	24	1.0	40.0	60.0	24	0						false										
ON023025.1	2066	REF	ref	C		24	24	1.0	40.0	60.0	24	0						false										
ON023025.1	2067	REF	ref	A		24	24	1.0	40.0	60.0	24	0						false										
ON023025.1	2068	REF	ref	G		24	24	1.0	39.333333333333336	60.0	24	0						false										
ON023025.1	2069	REF	ref	A		24	24	1.0	40.0	60.0	24	0						false										
ON023025.1	2070	REF	ref	T		24	24	1.0	40.0	60.0	24	0						false										
ON023025.1	2071	REF	ref	G		24	24	1.0	40.0	60.0	24	0						false										
ON023025.1	2072	REF	ref	C		24	24	1.0	40.0	60.0	24	0						false										
ON023025.1	2073	REF	ref	C		24	24	1.0	39.333333333333336	60.0	24	0						false										
ON023025.1	2074	REF	ref	C		27	27	1.0	40.0	60.0	27	0						false										
ON023025.1	2075	REF	ref	T		27	27	1.0	40.0	60.0	27	0						false										
ON023025.1	2076	REF	ref	C		27	27	1.0	39.407407407407405	60.0	27	0						false										
ON023025.1	2077	REF	ref	C		27	27	1.0	40.0	60.0	27	0						false										
ON023025.1	2078	REF	ref	A		27	27	1.0	40.0	60.0	27	0						false										
ON023025.1	2079	REF	ref	C		27	27	1.0	39.407407407407405	60.0	27	0						false										
ON023025.1	2080	REF	ref	C		27	27	1.0	39.407407407407405	60.0	27	0						false										
ON023025.1	2081	REF	ref	C		27	27	1.0	40.0	60.0	27	0						false										
ON023025.1	2082	REF	ref	A		27	27	1.0	39.407407407407405	60.0	27	0						false										
ON023025.1	2083	REF	ref	G		27	27	1.0	39.407407407407405	60.0	27	0						false										
ON023025.1	2084	REF	ref	A		27	27	1.0	40.0	60.0	27	0						false										
ON023025.1	2085	REF	ref	C		27	27	1.0	39.407407407407405	60.0	27	0						false										
ON023025.1	2086	REF	ref	C		27	27	1.0	40.0	60.0	27	0						false										
ON023025.1	2087	REF	ref	T		27	27	1.0	39.407407407407405	60.0	27	0						false										
ON023025.1	2088	REF	ref	C		27	27	1.0	39.407407407407405	60.0	27	0						false										
ON023025.1	2089	REF	ref	C		27	27	1.0	40.0	60.0	27	0						false										
ON023025.1	2090	REF	ref	A		27	27	1.0	39.407407407407405	60.0	27	0						false										
ON023025.1	2091	REF	ref	A		27	27	1.0	39.407407407407405	60.0	27	0						false										
ON023025.1	2092	REF	ref	A		27	27	1.0	40.0	60.0	27	0						false										
ON023025.1	2093	REF	ref	C		27	27	1.0	40.0	60.0	27	0						false										
ON023025.1	2094	REF	ref	C		27	27	1.0	40.0	60.0	27	0						false										
ON023025.1	2095	REF	ref	G		27	27	1.0	40.0	60.0	27	0						false										
ON023025.1	2096	REF	ref	T		27	27	1.0	39.407407407407405	60.0	27	0						false										
ON023025.1	2097	REF	ref	C		27	27	1.0	40.0	60.0	27	0						false										
ON023025.1	2098	REF	ref	C		14	14	1.0	40.0	60.0	14	0						false										
ON023025.1	2099	REF	ref	C		14	14	1.0	37.714285714285715	60.0	14	0						false										
ON023025.1	2100	REF	ref	C		14	14	1.0	38.857142857142854	60.0	14	0						false										
ON023025.1	2101	REF	ref	A		14	14	1.0	40.0	60.0	14	0						false										
ON023025.1	2102	REF	ref	T		14	14	1.0	40.0	60.0	14	0						false										
ON023025.1	2103	REF	ref	T		14	14	1.0	57.142857142857146	60.0	13	1						false										
ON023025.1	2104	REF	ref	G		14	14	1.0	40.0	60.0	8	6						false										
ON023025.1	2105	REF	ref	T		14	14	1.0	40.0	60.0	8	6						false										
ON023025.1	2106	REF	ref	C		14	14	1.0	40.0	60.0	8	6						false										
ON023025.1	2107	REF	ref	G		14	14	1.0	40.0	60.0	8	6						false										
ON023025.1	2108	REF	ref	C		14	14	1.0	40.0	60.0	8	6						false										
ON023025.1	2109	REF	ref	A		14	14	1.0	40.0	60.0	8	6						false										
ON023025.1	2110	REF	ref	G		14	14	1.0	40.0	60.0	8	6						false										
ON023025.1	2111	REF	ref	A		14	14	1.0	40.0	60.0	8	6						false										
ON023025.1	2112	REF	ref	C		14	14	1.0	40.0	60.0	8	6						false										
ON023025.1	2113	REF	ref	A		14	14	1.0	40.0	60.0	8	6						false										
ON023025.1	2114	REF	ref	C		14	14	1.0	40.0	60.0	8	6						false										
ON023025.1	2115	REF	ref	C		14	14	1.0	40.0	60.0	8	6						false										
ON023025.1	2116	REF	ref	A		13	13	1.0	40.0	60.0	7	6						false										
ON023025.1	2117	REF	ref	G		13	13	1.0	40.0	60.0	7	6						false										
ON023025.1	2118	REF	ref	T		13	13	1.0	40.0	60.0	7	6						false										
ON023025.1	2119	REF	ref	G		13	13	1.0	40.0	60.0	7	6						false										
ON023025.1	2120	REF	ref	T		13	13	1.0	38.76923076923077	60.0	7	6						false										
ON023025.1	2121	REF	ref	C		13	13	1.0	40.0	60.0	7	6						false										
ON023025.1	2122	REF	ref	A		13	13	1.0	40.0	60.0	7	6						false										
ON023025.1	2123	REF	ref	G		13	13	1.0	40.0	60.0	7	6						false										
ON023025.1	2124	REF	ref	C		13	13	1.0	40.0	60.0	7	6						false										
ON023025.1	2125	REF	ref	A		13	13	1.0	40.0	60.0	7	6						false										
ON023025.1	2126	REF	ref	G		13	13	1.0	40.0	60.0	7	6						false										
ON023025.1	2127	REF	ref	C		13	13	1.0	38.76923076923077	60.0	7	6						false										
ON023025.1	2128	REF	ref	A		13	13	1.0	40.0	60.0	7	6						false										
ON023025.1	2129	REF	ref	G		13	13	1.0	40.0	60.0	7	6						false										
ON023025.1	2130	REF	ref	T		13	13	1.0	40.0	60.0	7	6						false										
ON023025.1	2131	REF	ref	G		13	13	1.0	40.0	60.0	7	6						false										
ON023025.1	2132	REF	ref	G		13	13	1.0	40.0	60.0	7	6						false										
ON023025.1	2133	REF	ref	T		13	13	1.0	40.0	60.0	7	6						false										
ON023025.1	2134	REF	ref	G		13	13	1.0	40.0	60.0	7	6						false										
ON023025.1	2135	REF	ref	G		13	13	1.0	40.0	60.0	7	6						false										
ON023025.1	2136	REF	ref	T		13	13	1.0	40.0	60.0	7	6						false										
ON023025.1	2137	REF	ref	G		13	13	1.0	40.0	60.0	7	6						false										
ON023025.1	2138	REF	ref	A		13	13	1.0	40.0	60.0	7	6						false										
ON023025.1	2139	REF	ref	A		13	13	1.0	40.0	60.0	7	6						false										
ON023025.1	2140	REF	ref	A		9	9	1.0	40.0	60.0	3	6						false										
ON023025.1	2141	REF	ref	G		9	9	1.0	40.0	60.0	3	6						false										
ON023025.1	2142	REF	ref	C		9	9	1.0	40.0	60.0	3	6						false										
ON023025.1	2143	REF	ref	T		9	9	1.0	40.0	60.0	3	6						false										
ON023025.1	2144	REF	ref	C		9	9	1.0	40.0	60.0	3	6						false										
ON023025.1	2145	REF	ref	T		9	9	1.0	40.0	60.0	3	6						false										
ON023025.1	2146	REF	ref	G		9	9	1.0	40.0	60.0	3	6						false										
ON023025.1	2147	REF	ref	A		9	9	1.0	40.0	60.0	3	6						false										
ON023025.1	2148	REF	ref	A		9	9	1.0	40.0	60.0	3	6						false										
ON023025.1	2149	REF	ref	G		9	9	1.0	40.0	60.0	3	6						false										
ON023025.1	2150	REF	ref	A		9	9	1.0	40.0	60.0	3	6						false										
ON023025.1	2151	REF	ref	A		9	9	1.0	40.0	60.0	3	6						false										
ON023025.1	2152	REF	ref	C		9	9	1.0	40.0	60.0	3	6						false										
ON023025.1	2153	REF	ref	T		9	9	1.0	40.0	60.0	3	6						false										
ON023025.1	2154	REF	ref	C		9	9	1.0	40.0	60.0	3	6						false										
ON023025.1	2155	REF	ref	A		9	9	1.0	40.0	60.0	3	6						false										
ON023025.1	2156	REF	ref	G		9	9	1.0	40.0	60.0	3	6						false										
ON023025.1	2157	REF	ref	T		9	9	1.0	40.0	60.0	3	6						false										
ON023025.1	2158	REF	ref	G		9	9	1.0	40.0	60.0	3	6						false										
ON023025.1	2159	REF	ref	A		9	9	1.0	40.0	60.0	3	6						false										
ON023025.1	2160	REF	ref	A		9	9	1.0	40.0	60.0	3	6						false										
ON023025.1	2161	REF	ref	A		9	9	1.0	40.0	60.0	3	6						false										
ON023025.1	2162	REF	ref	G		9	9	1.0	40.0	60.0	3	6						false										
ON023025.1	2163	REF	ref	C		9	9	1.0	38.22222222222222	60.0	3	6						false										
ON023025.1	2164	REF	ref	A		9	9	1.0	40.0	60.0	3	6						false										
ON023025.1	2165	REF	ref	G		9	9	1.0	40.0	60.0	3	6						false										
ON023025.1	2166	REF	ref	C		9	9	1.0	40.0	60.0	3	6						false										
ON023025.1	2167	REF	ref	T		8	8	1.0	40.0	60.0	3	5						false										
ON023025.1	2168	REF	ref	T		8	8	1.0	40.0	60.0	3	5						false										
ON023025.1	2169	REF	ref	T		9	9	1.0	40.0	60.0	3	6						false										
ON023025.1	2170	REF	ref	T		9	9	1.0	38.22222222222222	60.0	3	6						false										
ON023025.1	2171	REF	ref	T		9	9	1.0	40.0	60.0	3	6						false										
ON023025.1	2172	REF	ref	C		9	9	1.0	40.0	60.0	3	6						false										
ON023025.1	2173	REF	ref	A		9	9	1.0	40.0	60.0	3	6						false										
ON023025.1	2174	REF	ref	A		9	9	1.0	40.0	60.0	3	6						false										
ON023025.1	2175	REF	ref	C		9	9	1.0	40.0	60.0	3	6						false										
ON023025.1	2176	REF	ref	C		9	9	1.0	38.22222222222222	60.0	3	6						false										
ON023025.1	2177	REF	ref	T		9	9	1.0	40.0	60.0	3	6						false										
ON023025.1	2178	REF	ref	C		9	9	1.0	40.0	60.0	3	6						false										
ON023025.1	2179	REF	ref	A		9	9	1.0	40.0	60.0	3	6						false										
ON023025.1	2180	REF	ref	T		9	9	1.0	40.0	60.0	3	6						false										
ON023025.1	2181	REF	ref	C		9	9	1.0	40.0	60.0	3	6						false										
ON023025.1	2182	REF	ref	A		9	9	1.0	40.0	60.0	3	6						false										
ON023025.1	2183	REF	ref	C		9	9	1.0	38.22222222222222	60.0	3	6						false										
ON023025.1	2184	REF	ref	T		9	9	1.0	38.22222222222222	60.0	3	6						false										
ON023025.1	2185	REF	ref	C		9	9	1.0	40.0	60.0	3	6						false										
ON023025.1	2186	REF	ref	C		9	9	1.0	40.0	60.0	3	6						false										
ON023025.1	2187	REF	ref	A		9	9	1.0	40.0	60.0	3	6						false										
ON023025.1	2188	REF	ref	G		9	9	1.0	40.0	60.0	3	6						false										
ON023025.1	2189	REF	ref	G		9	9	1.0	40.0	60.0	3	6						false										
ON023025.1	2190	REF	ref	C		9	9	1.0	40.0	60.0	3	6						false										
ON023025.1	2191	REF	ref	G		9	9	1.0	38.22222222222222	60.0	3	6						false										
ON023025.1	2192	REF	ref	C		9	9	1.0	40.0	60.0	3	6						false										
ON023025.1	2193	REF	ref	C		9	9	1.0	40.0	60.0	3	6						false										
ON023025.1	2194	REF	ref	T		9	9	1.0	40.0	60.0	3	6						false										
ON023025.1	2195	REF	ref	G		9	9	1.0	40.0	60.0	3	6						false										
ON023025.1	2196	REF	ref	G		12	12	1.0	40.0	60.0	6	6						false										
ON023025.1	2197	REF	ref	A		12	12	1.0	40.0	60.0	6	6						false										
ON023025.1	2198	REF	ref	A		12	12	1.0	40.0	60.0	6	6						false										
ON023025.1	2199	REF	ref	C		12	12	1.0	40.0	60.0	6	6						false										
ON023025.1	2200	REF	ref	A		12	12	1.0	40.0	60.0	6	6						false										
ON023025.1	2201	REF	ref	G		12	12	1.0	40.0	60.0	6	6						false										
ON023025.1	2202	REF	ref	T		13	13	1.0	38.76923076923077	60.0	6	7						false										
ON023025.1	2203	REF	ref	G		13	13	1.0	40.0	60.0	6	7						false										
ON023025.1	2204	REF	ref	A		13	13	1.0	38.76923076923077	60.0	6	7						false										
ON023025.1	2205	REF	ref	A		13	13	1.0	40.0	60.0	6	7						false										
ON023025.1	2206	REF	ref	A		13	13	1.0	40.0	60.0	6	7						false										
ON023025.1	2207	REF	ref	C		13	13	1.0	40.0	60.0	6	7						false										
ON023025.1	2208	REF	ref	C		13	13	1.0	40.0	60.0	6	7						false										
ON023025.1	2209	REF	ref	C		13	13	1.0	38.76923076923077	60.0	6	7						false										
ON023025.1	2210	REF	ref	C		13	13	1.0	38.76923076923077	60.0	6	7						false										
ON023025.1	2211	REF	ref	G		13	13	1.0	40.0	60.0	6	7						false										
ON023025.1	2212	REF	ref	C		13	13	1.0	49.23076923076923	60.0	4	9						false										
ON023025.1	2213	REF	ref	G		13	13	1.0	49.23076923076923	60.0	4	9						false										
ON023025.1	2214	REF	ref	C		13	13	1.0	49.23076923076923	60.0	4	9						false										
ON023025.1	2215	REF	ref	T		13	13	1.0	49.23076923076923	60.0	4	9						false										
ON023025.1	2216	REF	ref	C		13	13	1.0	48.0	60.0	4	9						false										
ON023025.1	2217	REF	ref	T		13	13	1.0	49.23076923076923	60.0	4	9						false										
ON023025.1	2218	REF	ref	A		13	13	1.0	49.23076923076923	60.0	4	9						false										
ON023025.1	2219	REF	ref	G		13	13	1.0	46.76923076923077	60.0	4	9						false										
ON023025.1	2220	REF	ref	T		13	13	1.0	48.0	60.0	4	9						false										
ON023025.1	2221	REF	ref	A		13	13	1.0	49.23076923076923	60.0	4	9						false										
ON023025.1	2222	REF	ref	C		13	13	1.0	49.23076923076923	60.0	4	9						false										
ON023025.1	2223	REF	ref	A		13	13	1.0	49.23076923076923	60.0	4	9						false										
ON023025.1	2224	REF	ref	C		13	13	1.0	49.23076923076923	60.0	4	9						false										
ON023025.1	2225	REF	ref	C		13	13	1.0	40.0	60.0	3	10						false										
ON023025.1	2226	REF	ref	C		13	13	1.0	40.0	60.0	3	10						false										
ON023025.1	2227	REF	ref	G		13	13	1.0	40.0	60.0	3	10						false										
ON023025.1	2228	REF	ref	T		13	13	1.0	40.0	60.0	3	10						false										
ON023025.1	2229	REF	ref	C		13	13	1.0	40.0	60.0	3	10						false										
ON023025.1	2230	REF	ref	C		13	13	1.0	40.0	60.0	3	10						false										
ON023025.1	2231	REF	ref	C		26	26	1.0	40.0	60.0	3	23						false										
ON023025.1	2232	REF	ref	C		26	26	1.0	39.38461538461539	60.0	3	23						false										
ON023025.1	2233	REF	ref	G		23	23	1.0	37.21739130434783	60.0	3	20						false										
ON023025.1	2234	REF	ref	G		25	25	1.0	40.0	60.0	3	22						false										
ON023025.1	2235	REF	ref	G		26	26	1.0	40.0	60.0	3	23						false										
ON023025.1	2236	REF	ref	A		26	26	1.0	40.0	60.0	3	23						false										
ON023025.1	2237	REF	ref	C		26	26	1.0	40.0	60.0	3	23						false										
ON023025.1	2238	REF	ref	C		26	26	1.0	39.38461538461539	60.0	3	23						false										
ON023025.1	2239	REF	ref	A		26	26	1.0	39.38461538461539	60.0	3	23						false										
ON023025.1	2240	REF	ref	G		26	26	1.0	40.0	60.0	3	23						false										
ON023025.1	2241	REF	ref	T		26	26	1.0	39.38461538461539	60.0	3	23						false										
ON023025.1	2242	REF	ref	T		26	25	0.9615384615384616	38.72	60.0	2	23						false										
ON023025.1	2242	SNV	alt	T	C	26	1	0.038461538461538464	40.0	60.0	2	23	1	0	0.11538461538461449	Ts		true	NS1	gene-NS1	+	TCA	CCA	S	P	550	1	missense
ON023025.1	2242	SNV	alt	T	C	26	1	0.038461538461538464	40.0	60.0	2	23	1	0	0.11538461538461449	Ts		true	NS1	gene-NS1	+	GTT	GTC	V	V	732	3	synonymous
ON023025.1	2243	REF	ref	C		26	26	1.0	40.0	60.0	3	23						false										
ON023025.1	2244	REF	ref	A		26	26	1.0	40.0	60.0	3	23						false										
ON023025.1	2245	REF	ref	G		26	26	1.0	40.0	60.0	3	23						false										
ON023025.1	2246	REF	ref	G		26	26	1.0	40.0	60.0	3	23						false										
ON023025.1	2247	REF	ref	A		26	26	1.0	39.38461538461539	60.0	3	23						false										
ON023025.1	2248	REF	ref	G		26	26	1.0	40.0	60.0	3	23						false										
ON023025.1	2249	REF	ref	A		26	26	1.0	39.38461538461539	60.0	3	23						false										
ON023025.1	2250	REF	ref	A		26	26	1.0	39.38461538461539	60.0	3	23						false										
ON023025.1	2251	REF	ref	T		26	26	1.0	40.0	60.0	3	23						false										
ON023025.1	2252	REF	ref	C		26	26	1.0	39.38461538461539	60.0	3	23						false										
ON023025.1	2253	REF	ref	A		26	26	1.0	38.76923076923077	60.0	3	23						false										
ON023025.1	2254	REF	ref	T		20	20	1.0	40.0	60.0	3	17						false										
ON023025.1	2255	REF	ref	T		20	20	1.0	39.2	60.0	3	17						false										
ON023025.1	2256	REF	ref	T		20	20	1.0	40.0	60.0	3	17						false										
ON023025.1	2257	REF	ref	G		20	20	1.0	40.0	60.0	3	17						false										
ON023025.1	2258	REF	ref	T		20	20	1.0	40.0	60.0	3	17						false										
ON023025.1	2259	REF	ref	C		20	20	1.0	40.0	60.0	3	17						false										
ON023025.1	2260	REF	ref	G		20	20	1.0	40.0	60.0	3	17						false										
ON023025.1	2261	REF	ref	G		20	20	1.0	40.0	60.0	3	17						false										
ON023025.1	2262	REF	ref	A		20	20	1.0	40.0	60.0	3	17						false										
ON023025.1	2263	REF	ref	A		20	20	1.0	40.0	60.0	3	17						false										
ON023025.1	2264	REF	ref	G		20	20	1.0	40.0	60.0	3	17						false										
ON023025.1	2265	REF	ref	C		20	20	1.0	40.0	60.0	3	17						false										
ON023025.1	2266	REF	ref	C		20	20	1.0	40.0	60.0	3	17						false										
ON023025.1	2267	REF	ref	C		20	20	1.0	40.0	60.0	3	17						false										
ON023025.1	2268	REF	ref	A		20	20	1.0	40.0	60.0	3	17						false										
ON023025.1	2269	REF	ref	G		20	20	1.0	39.2	60.0	3	17						false										
ON023025.1	2270	REF	ref	T		20	20	1.0	40.0	60.0	3	17						false										
ON023025.1	2271	REF	ref	T		20	20	1.0	40.0	60.0	3	17						false										
ON023025.1	2272	REF	ref	T		20	20	1.0	40.0	60.0	3	17						false										
ON023025.1	2273	REF	ref	C		20	20	1.0	40.0	60.0	3	17						false										
ON023025.1	2274	REF	ref	C		20	20	1.0	40.0	60.0	3	17						false										
ON023025.1	2275	REF	ref	T		20	20	1.0	40.0	60.0	3	17						false										
ON023025.1	2276	REF	ref	C		20	20	1.0	40.0	60.0	3	17						false										
ON023025.1	2277	REF	ref	C		20	20	1.0	40.0	60.0	3	17						false										
ON023025.1	2278	REF	ref	G		20	20	1.0	40.0	60.0	3	17						false										
ON023025.1	2279	REF	ref	A		20	20	1.0	40.0	60.0	3	17						false										
ON023025.1	2280	REF	ref	A		20	20	1.0	40.0	60.0	3	17						false										
ON023025.1	2281	REF	ref	G		20	20	1.0	38.4	60.0	3	17						false										
ON023025.1	2282	REF	ref	T		20	20	1.0	40.0	60.0	3	17						false										
ON023025.1	2283	REF	ref	G		20	20	1.0	40.0	60.0	3	17						false										
ON023025.1	2284	REF	ref	G		20	20	1.0	40.0	60.0	3	17						false										
ON023025.1	2285	REF	ref	T		20	20	1.0	40.0	60.0	3	17						false										
ON023025.1	2286	REF	ref	A		20	20	1.0	40.0	60.0	3	17						false										
ON023025.1	2287	REF	ref	G		20	20	1.0	40.0	60.0	3	17						false										
ON023025.1	2288	REF	ref	C		20	20	1.0	40.0	60.0	3	17						false										
ON023025.1	2289	REF	ref	C		20	20	1.0	40.0	60.0	3	17						false										
ON023025.1	2290	REF	ref	G		20	20	1.0	40.0	60.0	3	17						false										
ON023025.1	2291	REF	ref	C		20	20	1.0	39.2	60.0	3	17						false										
ON023025.1	2292	REF	ref	G		20	20	1.0	40.0	60.0	3	17						false										
ON023025.1	2293	REF	ref	T		20	20	1.0	40.0	60.0	3	17						false										
ON023025.1	2294	REF	ref	C		20	20	1.0	40.0	60.0	3	17						false										
ON023025.1	2295	REF	ref	G		36	36	1.0	40.0	60.0	19	17						false										
ON023025.1	2296	REF	ref	T		36	36	1.0	39.55555555555556	60.0	19	17						false										
ON023025.1	2297	REF	ref	G		36	36	1.0	40.0	60.0	19	17						false										
ON023025.1	2298	REF	ref	G		36	36	1.0	40.0	60.0	19	17						false										
ON023025.1	2299	REF	ref	G		36	36	1.0	40.0	60.0	19	17						false										
ON023025.1	2300	REF	ref	A		36	36	1.0	39.55555555555556	60.0	19	17						false										
ON023025.1	2301	REF	ref	G		36	36	1.0	40.0	60.0	19	17						false										
ON023025.1	2302	REF	ref	G		36	36	1.0	40.0	60.0	19	17						false										
ON023025.1	2303	REF	ref	A		36	36	1.0	40.0	60.0	19	17						false										
ON023025.1	2304	REF	ref	A		36	36	1.0	39.55555555555556	60.0	19	17						false										
ON023025.1	2305	REF	ref	G		36	36	1.0	40.0	60.0	19	17						false										
ON023025.1	2306	REF	ref	C		36	36	1.0	40.0	60.0	19	17						false										
ON023025.1	2307	REF	ref	C		36	36	1.0	39.55555555555556	60.0	19	17						false										
ON023025.1	2308	REF	ref	T		36	36	1.0	40.0	60.0	19	17						false										
ON023025.1	2309	REF	ref	T		35	35	1.0	40.0	60.0	19	16						false										
ON023025.1	2310	REF	ref	T		36	36	1.0	40.0	60.0	19	17						false										
ON023025.1	2311	REF	ref	T		36	36	1.0	40.0	60.0	19	17						false										
ON023025.1	2312	REF	ref	A		36	36	1.0	40.0	60.0	19	17						false										
ON023025.1	2313	REF	ref	C		36	36	1.0	40.0	60.0	19	17						false										
ON023025.1	2314	REF	ref	A		36	36	1.0	39.55555555555556	60.0	19	17						false										
ON023025.1	2315	REF	ref	C		36	36	1.0	40.0	60.0	19	17						false										
ON023025.1	2316	REF	ref	T		36	36	1.0	40.0	60.0	19	17						false										
ON023025.1	2317	REF	ref	C		36	36	1.0	40.0	60.0	19	17						false										
ON023025.1	2318	REF	ref	C		36	36	1.0	40.0	60.0	19	17						false										
ON023025.1	2319	REF	ref	A		36	36	1.0	40.0	60.0	19	17						false										
ON023025.1	2320	REF	ref	C		36	36	1.0	40.0	60.0	19	17						false										
ON023025.1	2321	REF	ref	T		36	36	1.0	40.0	60.0	19	17						false										
ON023025.1	2322	REF	ref	T		36	36	1.0	40.0	60.0	19	17						false										
ON023025.1	2323	REF	ref	G		36	36	1.0	40.0	60.0	19	17						false										
ON023025.1	2324	REF	ref	C		36	36	1.0	39.55555555555556	60.0	19	17						false										
ON023025.1	2325	REF	ref	A		36	36	1.0	40.0	60.0	19	17						false										
ON023025.1	2326	REF	ref	G		36	36	1.0	40.0	60.0	19	17						false										
ON023025.1	2327	REF	ref	A		36	36	1.0	40.0	60.0	19	17						false										
ON023025.1	2328	REF	ref	C		36	36	1.0	40.0	60.0	19	17						false										
ON023025.1	2329	REF	ref	C		36	36	1.0	40.0	60.0	19	17						false										
ON023025.1	2330	REF	ref	A		36	36	1.0	40.0	60.0	19	17						false										
ON023025.1	2331	REF	ref	G		36	36	1.0	40.0	60.0	19	17						false										
ON023025.1	2332	REF	ref	T		36	36	1.0	40.0	60.0	19	17						false										
ON023025.1	2333	REF	ref	T		36	36	1.0	39.55555555555556	60.0	19	17						false										
ON023025.1	2334	REF	ref	T		36	36	1.0	40.0	60.0	19	17						false										
ON023025.1	2335	REF	ref	C		36	36	1.0	40.0	60.0	19	17						false										
ON023025.1	2336	REF	ref	G		36	36	1.0	40.0	60.0	19	17						false										
ON023025.1	2337	REF	ref	T		36	36	1.0	40.0	60.0	19	17						false										
ON023025.1	2338	REF	ref	G		36	36	1.0	40.0	60.0	19	17						false										
ON023025.1	2339	REF	ref	A		36	36	1.0	40.0	60.0	19	17						false										
ON023025.1	2340	REF	ref	A		36	36	1.0	40.0	60.0	19	17						false										
ON023025.1	2341	REF	ref	C		36	36	1.0	39.55555555555556	60.0	19	17						false										
ON023025.1	2342	REF	ref	T		36	36	1.0	40.0	60.0	19	17						false										
ON023025.1	2343	REF	ref	G		36	36	1.0	40.0	60.0	19	17						false										
ON023025.1	2344	REF	ref	T		36	36	1.0	40.0	60.0	19	17						false										
ON023025.1	2345	REF	ref	T		36	36	1.0	40.0	60.0	19	17						false										
ON023025.1	2346	REF	ref	A		36	36	1.0	39.55555555555556	60.0	19	17						false										
ON023025.1	2347	REF	ref	G		33	33	1.0	40.0	60.0	16	17						false										
ON023025.1	2348	REF	ref	T		33	33	1.0	40.0	60.0	16	17						false										
ON023025.1	2349	REF	ref	T		33	33	1.0	40.0	60.0	16	17						false										
ON023025.1	2350	REF	ref	G		33	33	1.0	40.0	60.0	16	17						false										
ON023025.1	2351	REF	ref	G		33	33	1.0	40.0	60.0	16	17						false										
ON023025.1	2352	REF	ref	G		33	33	1.0	40.0	60.0	16	17						false										
ON023025.1	2353	REF	ref	G		32	32	1.0	40.0	60.0	16	16						false										
ON023025.1	2354	REF	ref	T		32	32	1.0	39.0	60.0	16	16						false										
ON023025.1	2355	REF	ref	T		32	32	1.0	40.0	60.0	16	16						false										
ON023025.1	2356	REF	ref	G		32	32	1.0	40.0	60.0	16	16						false										
ON023025.1	2357	REF	ref	A		41	41	1.0	39.609756097560975	60.0	25	16						false										
ON023025.1	2358	REF	ref	C		41	41	1.0	40.0	60.0	25	16						false										
ON023025.1	2359	REF	ref	T		41	41	1.0	40.0	60.0	25	16						false										
ON023025.1	2360	REF	ref	A		41	41	1.0	40.0	60.0	25	16						false										
ON023025.1	2361	REF	ref	T		41	41	1.0	39.21951219512195	60.0	25	16						false										
ON023025.1	2362	REF	ref	G		41	41	1.0	39.609756097560975	60.0	25	16						false										
ON023025.1	2363	REF	ref	T		38	38	1.0	39.578947368421055	60.0	25	13						false										
ON023025.1	2364	REF	ref	G		37	37	1.0	40.0	60.0	24	13						false										
ON023025.1	2365	REF	ref	T		38	38	1.0	39.578947368421055	60.0	25	13						false										
ON023025.1	2366	REF	ref	G		38	38	1.0	39.578947368421055	60.0	25	13						false										
ON023025.1	2367	REF	ref	G		38	38	1.0	40.0	60.0	25	13						false										
ON023025.1	2368	REF	ref	G		38	38	1.0	39.578947368421055	60.0	25	13						false										
ON023025.1	2369	REF	ref	A		37	37	1.0	39.567567567567565	60.0	24	13						false										
ON023025.1	2370	REF	ref	T		38	38	1.0	40.0	60.0	25	13						false										
ON023025.1	2371	REF	ref	G		38	38	1.0	40.0	60.0	25	13						false										
ON023025.1	2372	REF	ref	G		38	38	1.0	39.578947368421055	60.0	25	13						false										
ON023025.1	2373	REF	ref	T		38	38	1.0	39.1578947368421	60.0	25	13						false										
ON023025.1	2374	REF	ref	G		38	38	1.0	39.578947368421055	60.0	25	13						false										
ON023025.1	2375	REF	ref	T		38	38	1.0	39.578947368421055	60.0	25	13						false										
ON023025.1	2376	REF	ref	G		37	37	1.0	57.2972972972973	60.0	17	20						false										
ON023025.1	2377	REF	ref	A		38	38	1.0	56.421052631578945	60.0	18	20						false										
ON023025.1	2378	REF	ref	G		38	38	1.0	56.0	60.0	18	20						false										
ON023025.1	2379	REF	ref	G		38	38	1.0	56.421052631578945	60.0	18	20						false										
ON023025.1	2380	REF	ref	G		38	38	1.0	56.421052631578945	60.0	18	20						false										
ON023025.1	2381	REF	ref	G		38	38	1.0	56.421052631578945	60.0	18	20						false										
ON023025.1	2382	REF	ref	A		25	25	1.0	64.96	60.0	18	7						false										
ON023025.1	2383	REF	ref	T		25	25	1.0	64.96	60.0	18	7						false										
ON023025.1	2384	REF	ref	T		25	25	1.0	64.96	60.0	18	7						false										
ON023025.1	2385	REF	ref	G		28	28	1.0	62.857142857142854	60.0	18	10						false										
ON023025.1	2386	REF	ref	C		28	28	1.0	62.285714285714285	60.0	18	10						false										
ON023025.1	2387	REF	ref	C		27	27	1.0	63.111111111111114	60.0	17	10						false										
ON023025.1	2388	REF	ref	T		28	28	1.0	62.857142857142854	60.0	18	10						false										
ON023025.1	2389	REF	ref	G		27	27	1.0	63.7037037037037	60.0	17	10						false										
ON023025.1	2390	REF	ref	T		28	28	1.0	62.285714285714285	60.0	18	10						false										
ON023025.1	2391	REF	ref	T		28	28	1.0	62.285714285714285	60.0	18	10						false										
ON023025.1	2392	REF	ref	T		28	28	1.0	62.857142857142854	60.0	18	10						false										
ON023025.1	2393	REF	ref	G		28	28	1.0	62.285714285714285	60.0	18	10						false										
ON023025.1	2394	REF	ref	T		28	28	1.0	62.285714285714285	60.0	18	10						false										
ON023025.1	2395	REF	ref	T		28	28	1.0	62.857142857142854	60.0	18	10						false										
ON023025.1	2396	REF	ref	G		28	28	1.0	62.285714285714285	60.0	18	10						false										
ON023025.1	2397	REF	ref	T		28	28	1.0	62.857142857142854	60.0	18	10						false										
ON023025.1	2398	REF	ref	G		28	28	1.0	62.285714285714285	60.0	18	10						false										
ON023025.1	2399	REF	ref	T		27	27	1.0	63.7037037037037	60.0	17	10						false										
ON023025.1	2400	REF	ref	A		28	0	0.0			0	0						false										
ON023025.1	2400	SNV	alt	A	G	28	28	1.0	62.285714285714285	60.0	0	0	18	10	1.0	Ts		true	NS1	gene-NS1	+	GTA	GTG	V	V	602	3	synonymous
ON023025.1	2401	REF	ref	C		27	27	1.0	63.7037037037037	60.0	17	10						false										
ON023025.1	2402	REF	ref	A		28	28	1.0	62.857142857142854	60.0	18	10						false										
ON023025.1	2403	REF	ref	G		27	27	1.0	63.7037037037037	60.0	17	10						false										
ON023025.1	2404	REF	ref	C		28	28	1.0	62.857142857142854	60.0	18	10						false										
ON023025.1	2405	REF	ref	A		28	28	1.0	62.857142857142854	60.0	18	10						false										
ON023025.1	2406	REF	ref	T		28	28	1.0	62.857142857142854	60.0	18	10						false										
ON023025.1	2407	REF	ref	A		28	28	1.0	62.285714285714285	60.0	18	10						false										
ON023025.1	2408	REF	ref	T		28	28	1.0	62.285714285714285	60.0	18	10						false										
ON023025.1	2409	REF	ref	T		32	32	1.0	59.5	60.0	22	10						false										
ON023025.1	2410	REF	ref	A		32	32	1.0	59.5	60.0	22	10						false										
ON023025.1	2411	REF	ref	A		32	32	1.0	60.0	60.0	22	10						false										
ON023025.1	2412	REF	ref	T		32	32	1.0	60.0	60.0	22	10						false										
ON023025.1	2413	REF	ref	A		31	31	1.0	60.645161290322584	60.0	21	10						false										
ON023025.1	2414	REF	ref	A		31	31	1.0	60.645161290322584	60.0	21	10						false										
ON023025.1	2415	REF	ref	T		32	32	1.0	59.5	60.0	22	10						false										
ON023025.1	2416	REF	ref	A		32	32	1.0	59.5	60.0	22	10						false										
ON023025.1	2417	REF	ref	G		32	32	1.0	59.5	60.0	22	10						false										
ON023025.1	2418	REF	ref	T		32	32	1.0	59.5	60.0	22	10						false										
ON023025.1	2419	REF	ref	G		32	32	1.0	59.5	60.0	22	10						false										
ON023025.1	2420	REF	ref	G		32	32	1.0	59.5	60.0	22	10						false										
ON023025.1	2421	REF	ref	G		32	32	1.0	59.0	60.0	22	10						false										
ON023025.1	2422	REF	ref	G		32	32	1.0	59.5	60.0	22	10						false										
ON023025.1	2423	REF	ref	G		31	31	1.0	60.12903225806452	60.0	21	10						false										
ON023025.1	2424	REF	ref	A		32	32	1.0	59.5	60.0	22	10						false										
ON023025.1	2425	REF	ref	G		32	32	1.0	59.0	60.0	22	10						false										
ON023025.1	2426	REF	ref	G		31	31	1.0	60.645161290322584	60.0	21	10						false										
ON023025.1	2427	REF	ref	G		32	32	1.0	59.5	60.0	22	10						false										
ON023025.1	2428	REF	ref	T		32	32	1.0	59.5	60.0	22	10						false										
ON023025.1	2429	REF	ref	T		31	31	1.0	60.645161290322584	60.0	21	10						false										
ON023025.1	2430	REF	ref	A		32	32	1.0	59.5	60.0	22	10						false										
ON023025.1	2431	REF	ref	G		32	32	1.0	59.5	60.0	22	10						false										
ON023025.1	2432	REF	ref	G		32	32	1.0	59.5	60.0	22	10						false										
ON023025.1	2433	REF	ref	C		32	32	1.0	60.0	60.0	22	10						false										
ON023025.1	2434	REF	ref	C		32	32	1.0	59.0	60.0	22	10						false										
ON023025.1	2435	REF	ref	T		32	32	1.0	59.5	60.0	22	10						false										
ON023025.1	2436	REF	ref	T		32	32	1.0	60.0	60.0	22	10						false										
ON023025.1	2437	REF	ref	T		32	32	1.0	59.0	60.0	22	10						false										
ON023025.1	2438	REF	ref	G		32	32	1.0	58.0	60.0	22	10						false										
ON023025.1	2439	REF	ref	T		32	32	1.0	60.0	60.0	22	10						false										
ON023025.1	2440	REF	ref	C		32	32	1.0	60.0	60.0	22	10						false										
ON023025.1	2441	REF	ref	C		32	32	1.0	59.5	60.0	22	10						false										
ON023025.1	2442	REF	ref	T		32	32	1.0	59.5	60.0	22	10						false										
ON023025.1	2443	REF	ref	C		32	32	1.0	59.5	60.0	22	10						false										
ON023025.1	2444	REF	ref	A		32	32	1.0	59.0	60.0	22	10						false										
ON023025.1	2445	REF	ref	T		32	32	1.0	59.5	60.0	22	10						false										
ON023025.1	2446	REF	ref	T		32	32	1.0	45.0	60.0	12	20						false										
ON023025.1	2447	REF	ref	G		32	32	1.0	45.0	60.0	12	20						false										
ON023025.1	2448	REF	ref	T		32	32	1.0	45.0	60.0	12	20						false										
ON023025.1	2449	REF	ref	A		32	32	1.0	44.5	60.0	12	20						false										
ON023025.1	2450	REF	ref	T		32	32	1.0	45.0	60.0	12	20						false										
ON023025.1	2451	REF	ref	T		32	32	1.0	44.5	60.0	12	20						false										
ON023025.1	2452	REF	ref	A		32	32	1.0	44.5	60.0	12	20						false										
ON023025.1	2453	REF	ref	A		32	32	1.0	45.0	60.0	12	20						false										
ON023025.1	2454	REF	ref	T		32	32	1.0	45.0	60.0	12	20						false										
ON023025.1	2455	REF	ref	G		32	32	1.0	44.5	60.0	12	20						false										
ON023025.1	2456	REF	ref	T		32	32	1.0	44.5	60.0	12	20						false										
ON023025.1	2457	REF	ref	G		32	32	1.0	45.0	60.0	12	20						false										
ON023025.1	2458	REF	ref	G		58	58	1.0	42.758620689655174	60.0	38	20						false										
ON023025.1	2459	REF	ref	G		64	64	1.0	41.75	60.0	44	20						false										
ON023025.1	2460	REF	ref	A		62	62	1.0	42.064516129032256	60.0	42	20						false										
ON023025.1	2461	REF	ref	G		81	81	1.0	41.382716049382715	60.0	61	20						false										
ON023025.1	2462	REF	ref	C		79	79	1.0	41.620253164556964	60.0	59	20						false										
ON023025.1	2463	REF	ref	T		81	81	1.0	41.58024691358025	60.0	61	20						false										
ON023025.1	2464	REF	ref	T		80	80	1.0	42.0	60.0	60	20						false										
ON023025.1	2465	REF	ref	G		81	81	1.0	41.58024691358025	60.0	61	20						false										
ON023025.1	2466	REF	ref	G		81	81	1.0	41.58024691358025	60.0	61	20						false										
ON023025.1	2467	REF	ref	T		81	81	1.0	41.77777777777778	60.0	61	20						false										
ON023025.1	2468	REF	ref	A		80	80	1.0	41.8	60.0	60	20						false										
ON023025.1	2469	REF	ref	T		81	81	1.0	41.97530864197531	60.0	61	20						false										
ON023025.1	2470	REF	ref	A		81	81	1.0	41.58024691358025	60.0	61	20						false										
ON023025.1	2471	REF	ref	A		80	80	1.0	42.0	60.0	60	20						false										
ON023025.1	2472	REF	ref	T		81	81	1.0	41.97530864197531	60.0	61	20						false										
ON023025.1	2473	REF	ref	G		81	81	1.0	41.18518518518518	60.0	61	20						false										
ON023025.1	2474	REF	ref	G		80	80	1.0	42.0	60.0	60	20						false										
ON023025.1	2475	REF	ref	A		81	81	1.0	41.382716049382715	60.0	61	20						false										
ON023025.1	2476	REF	ref	T		81	81	1.0	41.97530864197531	60.0	61	20						false										
ON023025.1	2477	REF	ref	G		81	81	1.0	41.77777777777778	60.0	61	20						false										
ON023025.1	2478	REF	ref	G		80	80	1.0	41.8	60.0	60	20						false										
ON023025.1	2479	REF	ref	A		81	81	1.0	41.58024691358025	60.0	61	20						false										
ON023025.1	2480	REF	ref	A		80	80	1.0	41.6	60.0	60	20						false										
ON023025.1	2481	REF	ref	G		81	81	1.0	41.77777777777778	60.0	61	20						false										
ON023025.1	2482	REF	ref	T		81	81	1.0	41.97530864197531	60.0	61	20						false										
ON023025.1	2483	REF	ref	T		81	81	1.0	41.97530864197531	60.0	61	20						false										
ON023025.1	2484	REF	ref	T		80	80	1.0	42.0	60.0	61	19						false										
ON023025.1	2485	REF	ref	C		81	81	1.0	41.77777777777778	60.0	61	20						false										
ON023025.1	2486	REF	ref	G		81	75	0.9259259259259259	41.70666666666666	60.0	55	20						false										
ON023025.1	2486	SNV	alt	G	A	81	6	0.07407407407407407	37.333333333333336	60.0	55	20	6	0	0.32786329938228403	Ts		true	NS1	gene-NS1	+	CGA	CAA	R	Q	631	2	missense
ON023025.1	2487	REF	ref	A		80	80	1.0	42.0	60.0	60	20						false										
ON023025.1	2488	REF	ref	G		81	81	1.0	41.77777777777778	60.0	61	20						false										
ON023025.1	2489	REF	ref	A		80	80	1.0	42.0	60.0	60	20						false										
ON023025.1	2490	REF	ref	A		81	81	1.0	41.58024691358025	60.0	61	20						false										
ON023025.1	2491	REF	ref	T		81	81	1.0	41.97530864197531	60.0	61	20						false										
ON023025.1	2492	REF	ref	T		81	81	1.0	41.97530864197531	60.0	61	20						false										
ON023025.1	2493	REF	ref	T		81	81	1.0	41.97530864197531	60.0	61	20						false										
ON023025.1	2494	REF	ref	A		81	81	1.0	41.77777777777778	60.0	61	20						false										
ON023025.1	2495	REF	ref	C		81	81	1.0	41.77777777777778	60.0	61	20						false										
ON023025.1	2496	REF	ref	T		81	81	1.0	41.58024691358025	60.0	61	20						false										
ON023025.1	2497	REF	ref	C		81	81	1.0	41.97530864197531	60.0	61	20						false										
ON023025.1	2498	REF	ref	C		81	81	1.0	41.97530864197531	60.0	61	20						false										
ON023025.1	2499	REF	ref	A		81	81	1.0	41.58024691358025	60.0	61	20						false										
ON023025.1	2500	REF	ref	G		80	80	1.0	42.0	60.0	60	20						false										
ON023025.1	2501	REF	ref	A		81	81	1.0	41.58024691358025	60.0	61	20						false										
ON023025.1	2502	REF	ref	T		81	81	1.0	41.77777777777778	60.0	61	20						false										
ON023025.1	2503	REF	ref	T		81	81	1.0	41.97530864197531	60.0	61	20						false										
ON023025.1	2504	REF	ref	T		80	80	1.0	42.0	60.0	60	20						false										
ON023025.1	2505	REF	ref	G		81	81	1.0	41.58024691358025	60.0	61	20						false										
ON023025.1	2506	REF	ref	G		81	81	1.0	41.77777777777778	60.0	61	20						false										
ON023025.1	2507	REF	ref	T		80	80	1.0	42.0	60.0	60	20						false										
ON023025.1	2508	REF	ref	A		72	72	1.0	42.22222222222222	60.0	52	20						false										
ON023025.1	2509	REF	ref	C		72	72	1.0	42.22222222222222	60.0	52	20						false										
ON023025.1	2510	REF	ref	G		72	72	1.0	42.22222222222222	60.0	52	20						false										
ON023025.1	2511	REF	ref	G		72	72	1.0	42.22222222222222	60.0	52	20						false										
ON023025.1	2512	REF	ref	T		72	72	1.0	42.22222222222222	60.0	52	20						false										
ON023025.1	2513	REF	ref	G		72	72	1.0	41.77777777777778	60.0	52	20						false										
ON023025.1	2514	REF	ref	T		72	72	1.0	42.22222222222222	60.0	52	20						false										
ON023025.1	2515	REF	ref	A		72	72	1.0	41.333333333333336	60.0	51	21						false										
ON023025.1	2516	REF	ref	G		72	72	1.0	42.0	60.0	52	20						false										
ON023025.1	2517	REF	ref	C		72	72	1.0	41.77777777777778	60.0	52	20						false										
ON023025.1	2518	REF	ref	T		72	72	1.0	42.22222222222222	60.0	52	20						false										
ON023025.1	2519	REF	ref	G		72	72	1.0	42.22222222222222	60.0	52	20						false										
ON023025.1	2520	REF	ref	T		72	72	1.0	42.22222222222222	60.0	52	20						false										
ON023025.1	2521	REF	ref	C		72	72	1.0	45.55555555555556	60.0	47	25						false										
ON023025.1	2522	REF	ref	A		72	72	1.0	45.333333333333336	60.0	47	25						false										
ON023025.1	2523	REF	ref	T		72	72	1.0	45.55555555555556	60.0	47	25						false										
ON023025.1	2524	REF	ref	G		72	72	1.0	45.333333333333336	60.0	47	25						false										
ON023025.1	2525	REF	ref	T		72	72	1.0	45.55555555555556	60.0	47	25						false										
ON023025.1	2526	REF	ref	A		72	72	1.0	45.333333333333336	60.0	47	25						false										
ON023025.1	2527	REF	ref	G		56	56	1.0	46.57142857142857	60.0	47	9						false										
ON023025.1	2528	REF	ref	G		56	56	1.0	46.857142857142854	60.0	47	9						false										
ON023025.1	2529	REF	ref	A		56	56	1.0	47.142857142857146	60.0	47	9						false										
ON023025.1	2530	REF	ref	G		56	56	1.0	47.142857142857146	60.0	47	9						false										
ON023025.1	2531	REF	ref	C		56	56	1.0	47.142857142857146	60.0	47	9						false										
ON023025.1	2532	REF	ref	T		56	56	1.0	47.142857142857146	60.0	47	9						false										
ON023025.1	2533	REF	ref	T		56	56	1.0	47.142857142857146	60.0	47	9						false										
ON023025.1	2534	REF	ref	C		56	56	1.0	47.142857142857146	60.0	47	9						false										
ON023025.1	2535	REF	ref	T		56	56	1.0	46.57142857142857	60.0	47	9						false										
ON023025.1	2536	REF	ref	A		53	53	1.0	47.24528301886792	60.0	47	6						false										
ON023025.1	2537	REF	ref	A		53	53	1.0	47.24528301886792	60.0	47	6						false										
ON023025.1	2538	REF	ref	T		62	62	1.0	46.45161290322581	60.0	47	15						false										
ON023025.1	2539	REF	ref	C		62	62	1.0	46.193548387096776	60.0	47	15						false										
ON023025.1	2540	REF	ref	C		62	62	1.0	46.45161290322581	60.0	47	15						false										
ON023025.1	2541	REF	ref	C		62	62	1.0	46.45161290322581	60.0	47	15						false										
ON023025.1	2542	REF	ref	T		61	61	1.0	46.295081967213115	60.0	47	14						false										
ON023025.1	2543	REF	ref	T		61	61	1.0	46.557377049180324	60.0	47	14						false										
ON023025.1	2544	REF	ref	T		62	62	1.0	46.193548387096776	60.0	47	15						false										
ON023025.1	2545	REF	ref	T		62	62	1.0	46.45161290322581	60.0	47	15						false										
ON023025.1	2546	REF	ref	C		62	62	1.0	46.45161290322581	60.0	47	15						false										
ON023025.1	2547	REF	ref	T		62	62	1.0	46.45161290322581	60.0	47	15						false										
ON023025.1	2548	REF	ref	G		62	62	1.0	46.193548387096776	60.0	47	15						false										
ON023025.1	2549	REF	ref	T		62	62	1.0	46.193548387096776	60.0	47	15						false										
ON023025.1	2550	REF	ref	G		62	62	1.0	46.193548387096776	60.0	47	15						false										
ON023025.1	2551	REF	ref	T		62	62	1.0	46.45161290322581	60.0	47	15						false										
ON023025.1	2552	REF	ref	T		62	62	1.0	46.193548387096776	60.0	47	15						false										
ON023025.1	2553	REF	ref	A		62	62	1.0	46.45161290322581	60.0	47	15						false										
ON023025.1	2554	REF	ref	A		62	62	1.0	46.193548387096776	60.0	47	15						false										
ON023025.1	2555	REF	ref	C		61	61	1.0	46.557377049180324	60.0	47	14						false										
ON023025.1	2556	REF	ref	C		62	62	1.0	46.193548387096776	60.0	47	15						false										
ON023025.1	2557	REF	ref	T		62	62	1.0	45.935483870967744	60.0	47	15						false										
ON023025.1	2558	REF	ref	G		62	62	1.0	46.45161290322581	60.0	47	15						false										
ON023025.1	2559	REF	ref	C		62	62	1.0	46.193548387096776	60.0	47	15						false										
ON023025.1	2560	REF	ref	A		62	62	1.0	43.61290322580645	60.0	44	18						false										
ON023025.1	2561	REF	ref	A		62	62	1.0	43.87096774193548	60.0	44	18						false										
ON023025.1	2562	REF	ref	A		62	62	1.0	43.61290322580645	60.0	44	18						false										
ON023025.1	2563	REF	ref	A		62	62	1.0	43.354838709677416	60.0	44	18						false										
ON023025.1	2564	REF	ref	A		62	62	1.0	43.61290322580645	60.0	44	18						false										
ON023025.1	2565	REF	ref	A		62	62	1.0	43.61290322580645	60.0	44	18						false										
ON023025.1	2566	REF	ref	T		62	62	1.0	43.61290322580645	60.0	44	18						false										
ON023025.1	2567	REF	ref	G		62	62	1.0	43.87096774193548	60.0	44	18						false										
ON023025.1	2568	REF	ref	T		62	62	1.0	43.87096774193548	60.0	44	18						false										
ON023025.1	2569	REF	ref	G		62	62	1.0	43.87096774193548	60.0	44	18						false										
ON023025.1	2570	REF	ref	C		62	62	1.0	43.87096774193548	60.0	44	18						false										
ON023025.1	2571	REF	ref	T		62	62	1.0	43.87096774193548	60.0	44	18						false										
ON023025.1	2572	REF	ref	T		62	62	1.0	43.87096774193548	60.0	44	18						false										
ON023025.1	2573	REF	ref	A		62	62	1.0	43.87096774193548	60.0	44	18						false										
ON023025.1	2574	REF	ref	C		62	62	1.0	43.096774193548384	60.0	44	18						false										
ON023025.1	2575	REF	ref	T		61	61	1.0	43.67213114754098	60.0	44	17						false										
ON023025.1	2576	REF	ref	T		61	61	1.0	43.9344262295082	60.0	44	17						false										
ON023025.1	2577	REF	ref	G		62	62	1.0	43.87096774193548	60.0	44	18						false										
ON023025.1	2578	REF	ref	T		62	62	1.0	43.87096774193548	60.0	44	18						false										
ON023025.1	2579	REF	ref	C		62	62	1.0	43.61290322580645	60.0	44	18						false										
ON023025.1	2580	REF	ref	T		61	61	1.0	43.9344262295082	60.0	44	17						false										
ON023025.1	2581	REF	ref	G		62	62	1.0	43.61290322580645	60.0	44	18						false										
ON023025.1	2582	REF	ref	G		62	62	1.0	43.354838709677416	60.0	44	18						false										
ON023025.1	2583	REF	ref	A		62	62	1.0	43.61290322580645	60.0	44	18						false										
ON023025.1	2584	REF	ref	T		62	62	1.0	43.87096774193548	60.0	44	18						false										
ON023025.1	2585	REF	ref	T		62	62	1.0	43.87096774193548	60.0	44	18						false										
ON023025.1	2586	REF	ref	G		62	62	1.0	43.354838709677416	60.0	44	18						false										
ON023025.1	2587	REF	ref	C		62	62	1.0	43.354838709677416	60.0	44	18						false										
ON023025.1	2588	REF	ref	A		62	62	1.0	43.87096774193548	60.0	44	18						false										
ON023025.1	2589	REF	ref	A		62	62	1.0	43.354838709677416	60.0	44	18						false										
ON023025.1	2590	REF	ref	A		62	62	1.0	43.61290322580645	60.0	44	18						false										
ON023025.1	2591	REF	ref	G		62	62	1.0	43.61290322580645	60.0	44	18						false										
ON023025.1	2592	REF	ref	T		62	61	0.9838709677419355	43.67213114754098	60.0	44	17						false										
ON023025.1	2592	SNV	alt	T	C	62	1	0.016129032258064516	40.0	60.0	44	17	0	1	0.29032258064516325	Ts		true	NS1	gene-NS1	+	AGT	AGC	S	S	666	3	synonymous
ON023025.1	2593	REF	ref	T		62	62	1.0	43.61290322580645	60.0	44	18						false										
ON023025.1	2594	REF	ref	T		62	62	1.0	43.354838709677416	60.0	44	18						false										
ON023025.1	2595	REF	ref	T		62	62	1.0	43.61290322580645	60.0	44	18						false										
ON023025.1	2596	REF	ref	G		62	62	1.0	43.61290322580645	60.0	44	18						false										
ON023025.1	2597	REF	ref	T		58	58	1.0	43.58620689655172	60.0	44	14						false										
ON023025.1	2598	REF	ref	G		58	0	0.0			0	0						false										
ON023025.1	2598	SNV	alt	G	A	58	58	1.0	43.03448275862069	60.0	0	0	44	14	1.0	Ts		true	NS1	gene-NS1	+	GTG	GTA	V	V	668	3	synonymous
ON023025.1	2599	REF	ref	G		58	58	1.0	44.13793103448276	60.0	44	14						false										
ON023025.1	2600	REF	ref	A		58	58	1.0	43.86206896551724	60.0	44	14						false										
ON023025.1	2601	REF	ref	T		58	57	0.9827586206896551	43.92982456140351	60.0	43	14						false										
ON023025.1	2601	SNV	alt	T	C	58	1	0.017241379310344827	40.0	60.0	43	14	1	0	1.0	Ts		true	NS1	gene-NS1	+	GAT	GAC	D	D	669	3	synonymous
ON023025.1	2602	REF	ref	T		57	57	1.0	43.92982456140351	60.0	44	13						false										
ON023025.1	2603	REF	ref	A		58	58	1.0	44.13793103448276	60.0	44	14						false										
ON023025.1	2604	REF	ref	T		57	57	1.0	44.21052631578947	60.0	44	13						false										
ON023025.1	2605	REF	ref	G		58	58	1.0	43.86206896551724	60.0	44	14						false										
ON023025.1	2606	REF	ref	A		58	58	1.0	44.13793103448276	60.0	44	14						false										
ON023025.1	2607	REF	ref	G		58	58	1.0	44.13793103448276	60.0	44	14						false										
ON023025.1	2608	REF	ref	T		57	57	1.0	43.92982456140351	60.0	44	13						false										
ON023025.1	2609	REF	ref	A		32	31	0.96875	46.70967741935484	60.0	17	14						false										
ON023025.1	2609	SNV	alt	A	G	32	1	0.03125	40.0	60.0	17	14	1	0	1.0	Ts		true	NS1	gene-NS1	+	TAA	TGA	*	*	672	2	synonymous
ON023025.1	2609	SNV	alt	A	G	32	1	0.03125	40.0	60.0	17	14	1	0	1.0	Ts		true	VP1	gene-VP1	+	AAA	GAA	K	E	3	1	missense
ON023025.1	2610	REF	ref	A		31	31	1.0	40.0	60.0	17	14						false										
ON023025.1	2611	REF	ref	A		32	32	1.0	39.5	60.0	17	15						false										
ON023025.1	2612	REF	ref	G		36	36	1.0	39.111111111111114	60.0	21	15						false										
ON023025.1	2613	REF	ref	A		36	36	1.0	39.111111111111114	60.0	21	15						false										
ON023025.1	2614	REF	ref	A		36	36	1.0	39.55555555555556	60.0	21	15						false										
ON023025.1	2615	REF	ref	A		36	36	1.0	39.55555555555556	60.0	21	15						false										
ON023025.1	2616	REF	ref	G		36	36	1.0	40.0	60.0	21	15						false										
ON023025.1	2617	REF	ref	T		36	36	1.0	39.55555555555556	60.0	21	15						false										
ON023025.1	2618	REF	ref	G		36	36	1.0	40.0	60.0	21	15						false										
ON023025.1	2619	REF	ref	G		36	36	1.0	39.55555555555556	60.0	21	15						false										
ON023025.1	2620	REF	ref	T		36	0	0.0			0	0						false										
ON023025.1	2620	SNV	alt	T	C	36	36	1.0	39.111111111111114	60.0	0	0	21	15	1.0	Ts		true	VP1	gene-VP1	+	GGT	GGC	G	G	6	3	synonymous
ON023025.1	2621	REF	ref	A		35	35	1.0	40.0	60.0	21	14						false										
ON023025.1	2622	REF	ref	A		36	36	1.0	40.0	60.0	21	15						false										
ON023025.1	2623	REF	ref	A		36	36	1.0	39.55555555555556	60.0	21	15						false										
ON023025.1	2624	REF	ref	T		36	36	1.0	40.0	60.0	21	15						false										
ON023025.1	2625	REF	ref	G		36	36	1.0	40.0	60.0	21	15						false										
ON023025.1	2626	REF	ref	G		36	36	1.0	40.0	60.0	21	15						false										
ON023025.1	2627	REF	ref	T		36	36	1.0	39.111111111111114	60.0	21	15						false										
ON023025.1	2628	REF	ref	G		36	36	1.0	39.55555555555556	60.0	21	15						false										
ON023025.1	2629	REF	ref	G		36	36	1.0	40.0	60.0	21	15						false										
ON023025.1	2630	REF	ref	G		36	36	1.0	40.0	60.0	21	15						false										
ON023025.1	2631	REF	ref	A		36	36	1.0	40.0	60.0	21	15						false										
ON023025.1	2632	REF	ref	A		36	36	1.0	39.55555555555556	60.0	21	15						false										
ON023025.1	2633	REF	ref	A		36	36	1.0	39.55555555555556	60.0	21	15						false										
ON023025.1	2634	REF	ref	G		36	36	1.0	39.111111111111114	60.0	21	15						false										
ON023025.1	2635	REF	ref	T		36	36	1.0	40.0	60.0	21	15						false										
ON023025.1	2636	REF	ref	G		36	0	0.0			0	0						false										
ON023025.1	2636	SNV	alt	G	A	36	36	1.0	39.55555555555556	60.0	0	0	21	15	1.0	Ts		true	VP1	gene-VP1	+	GAT	AAT	D	N	12	1	missense
ON023025.1	2637	REF	ref	A		36	36	1.0	38.666666666666664	60.0	21	15						false										
ON023025.1	2638	REF	ref	T		35	35	1.0	40.0	60.0	21	14						false										
ON023025.1	2639	REF	ref	G		36	36	1.0	40.0	60.0	21	15						false										
ON023025.1	2640	REF	ref	A		36	36	1.0	40.0	60.0	21	15						false										
ON023025.1	2641	REF	ref	T		36	36	1.0	39.55555555555556	60.0	21	15						false										
ON023025.1	2642	REF	ref	A		36	36	1.0	40.0	60.0	21	15						false										
ON023025.1	2643	REF	ref	A		35	35	1.0	40.0	60.0	21	14						false										
ON023025.1	2644	REF	ref	A		36	36	1.0	39.111111111111114	60.0	21	15						false										
ON023025.1	2645	REF	ref	T		36	36	1.0	39.55555555555556	60.0	21	15						false										
ON023025.1	2646	REF	ref	T		36	36	1.0	40.0	60.0	21	15						false										
ON023025.1	2647	REF	ref	T		36	36	1.0	40.0	60.0	21	15						false										
ON023025.1	2648	REF	ref	G		36	36	1.0	39.55555555555556	60.0	21	15						false										
ON023025.1	2649	REF	ref	C		36	36	1.0	39.55555555555556	60.0	21	15						false										
ON023025.1	2650	REF	ref	T		35	35	1.0	40.0	60.0	21	14						false										
ON023025.1	2651	REF	ref	A		36	36	1.0	39.111111111111114	60.0	21	15						false										
ON023025.1	2652	REF	ref	A		36	36	1.0	39.55555555555556	60.0	21	15						false										
ON023025.1	2653	REF	ref	G		36	36	1.0	40.0	60.0	21	15						false										
ON023025.1	2654	REF	ref	G		35	35	1.0	40.0	60.0	21	14						false										
ON023025.1	2655	REF	ref	A		36	36	1.0	39.55555555555556	60.0	21	15						false										
ON023025.1	2656	REF	ref	T		35	0	0.0			0	0						false										
ON023025.1	2656	SNV	alt	T	C	35	35	1.0	39.542857142857144	60.0	0	0	21	14	1.0	Ts		true	VP1	gene-VP1	+	GAT	GAC	D	D	18	3	synonymous
ON023025.1	2657	REF	ref	G		36	36	1.0	39.55555555555556	60.0	21	15						false										
ON023025.1	2658	REF	ref	T		36	36	1.0	40.0	60.0	21	15						false										
ON023025.1	2659	REF	ref	G		36	36	1.0	39.55555555555556	60.0	21	15						false										
ON023025.1	2660	REF	ref	T		36	36	1.0	39.55555555555556	60.0	21	15						false										
ON023025.1	2661	REF	ref	A		36	36	1.0	40.0	60.0	21	15						false										
ON023025.1	2662	REF	ref	T		36	36	1.0	40.0	60.0	21	15						false										
ON023025.1	2663	REF	ref	A		36	36	1.0	39.55555555555556	60.0	21	15						false										
ON023025.1	2664	REF	ref	A		36	36	1.0	40.0	60.0	21	15						false										
ON023025.1	2665	REF	ref	G		36	36	1.0	40.0	60.0	21	15						false										
ON023025.1	2666	REF	ref	C		36	36	1.0	39.111111111111114	60.0	21	15						false										
ON023025.1	2667	REF	ref	A		36	36	1.0	39.55555555555556	60.0	21	15						false										
ON023025.1	2668	REF	ref	A		35	35	1.0	40.0	60.0	21	14						false										
ON023025.1	2669	REF	ref	T		35	35	1.0	40.0	60.0	21	14						false										
ON023025.1	2670	REF	ref	T		35	35	1.0	40.0	60.0	21	14						false										
ON023025.1	2671	REF	ref	T		36	36	1.0	40.0	60.0	21	15						false										
ON023025.1	2672	REF	ref	G		40	40	1.0	40.0	60.0	31	9						false										
ON023025.1	2673	REF	ref	T		39	39	1.0	40.0	60.0	31	8						false										
ON023025.1	2674	REF	ref	A		39	38	0.9743589743589743	40.0	60.0	30	8						false										
ON023025.1	2674	SNV	alt	A	G	39	1	0.02564102564102564	40.0	60.0	30	8	1	0	0.9999999999999862	Ts		true	VP1	gene-VP1	+	GTA	GTG	V	V	24	3	synonymous
ON023025.1	2675	REF	ref	G		40	40	1.0	40.0	60.0	31	9						false										
ON023025.1	2676	REF	ref	A		40	40	1.0	40.0	60.0	31	9						false										
ON023025.1	2677	REF	ref	A		39	39	1.0	40.0	60.0	31	8						false										
ON023025.1	2678	REF	ref	T		39	39	1.0	40.0	60.0	31	8						false										
ON023025.1	2679	REF	ref	T		39	39	1.0	40.0	60.0	31	8						false										
ON023025.1	2680	REF	ref	T		40	40	1.0	40.0	60.0	31	9						false										
ON023025.1	2681	REF	ref	T		40	40	1.0	39.6	60.0	31	9						false										
ON023025.1	2682	REF	ref	A		40	40	1.0	39.6	60.0	31	9						false										
ON023025.1	2683	REF	ref	T		40	40	1.0	40.0	60.0	31	9						false										
ON023025.1	2684	REF	ref	A		40	0	0.0			0	0						false										
ON023025.1	2684	SNV	alt	A	G	40	40	1.0	40.0	60.0	0	0	31	9	1.0	Ts		true	VP1	gene-VP1	+	AAA	GAA	K	E	28	1	missense
ON023025.1	2685	REF	ref	A		40	40	1.0	40.0	60.0	31	9						false										
ON023025.1	2686	REF	ref	A		40	40	1.0	39.6	60.0	31	9						false										
ON023025.1	2687	REF	ref	A		39	39	1.0	40.0	60.0	31	8						false										
ON023025.1	2688	REF	ref	A		39	39	1.0	40.0	60.0	31	8						false										
ON023025.1	2689	REF	ref	A		31	31	1.0	38.96774193548387	60.0	31	0						false										
ON023025.1	2690	REF	ref	G		42	42	1.0	40.0	60.0	42	0						false										
ON023025.1	2691	REF	ref	T		42	42	1.0	40.0	60.0	42	0						false										
ON023025.1	2692	REF	ref	T		42	42	1.0	40.0	60.0	42	0						false										
ON023025.1	2693	REF	ref	A		42	41	0.9761904761904762	40.0	60.0	41	0						false										
ON023025.1	2693	SNV	alt	A	G	42	1	0.023809523809523808	40.0	60.0	41	0	1	0	1.0	Ts		true	VP1	gene-VP1	+	ACT	GCT	T	A	31	1	missense
ON023025.1	2694	REF	ref	C		42	42	1.0	40.0	60.0	42	0						false										
ON023025.1	2695	REF	ref	T		42	42	1.0	40.0	60.0	42	0						false										
ON023025.1	2696	REF	ref	G		42	42	1.0	39.61904761904762	60.0	42	0						false										
ON023025.1	2697	REF	ref	G		42	42	1.0	40.0	60.0	42	0						false										
ON023025.1	2698	REF	ref	G		42	0	0.0			0	0						false										
ON023025.1	2698	SNV	alt	G	A	42	42	1.0	39.61904761904762	60.0	0	0	42	0	1.0	Ts		true	VP1	gene-VP1	+	GGG	GGA	G	G	32	3	synonymous
ON023025.1	2699	REF	ref	A		42	42	1.0	40.0	60.0	42	0						false										
ON023025.1	2700	REF	ref	C		42	42	1.0	40.0	60.0	42	0						false										
ON023025.1	2701	REF	ref	A		42	42	1.0	40.0	60.0	42	0						false										
ON023025.1	2702	REF	ref	G		42	42	1.0	40.0	60.0	42	0						false										
ON023025.1	2703	REF	ref	A		42	42	1.0	39.61904761904762	60.0	42	0						false										
ON023025.1	2704	REF	ref	C		42	42	1.0	39.23809523809524	60.0	42	0						false										
ON023025.1	2705	REF	ref	T		42	42	1.0	40.0	60.0	42	0						false										
ON023025.1	2706	REF	ref	T		42	42	1.0	40.0	60.0	42	0						false										
ON023025.1	2707	REF	ref	A		42	42	1.0	40.0	60.0	42	0						false										
ON023025.1	2708	REF	ref	G		42	42	1.0	40.0	60.0	42	0						false										
ON023025.1	2709	REF	ref	A		42	42	1.0	39.61904761904762	60.0	42	0						false										
ON023025.1	2710	REF	ref	G		42	42	1.0	40.0	60.0	42	0						false										
ON023025.1	2711	REF	ref	C		42	42	1.0	39.61904761904762	60.0	42	0						false										
ON023025.1	2712	REF	ref	T		42	42	1.0	40.0	60.0	42	0						false										
ON023025.1	2713	REF	ref	T		42	42	1.0	40.0	60.0	42	0						false										
ON023025.1	2714	REF	ref	A		42	42	1.0	39.61904761904762	60.0	42	0						false										
ON023025.1	2715	REF	ref	T		42	42	1.0	40.0	60.0	42	0						false										
ON023025.1	2716	REF	ref	A		42	0	0.0			0	0						false										
ON023025.1	2716	SNV	alt	A	T	42	42	1.0	40.0	60.0	0	0	42	0	1.0	Tv		true	VP1	gene-VP1	+	ATA	ATT	I	I	38	3	synonymous
ON023025.1	2717	REF	ref	C		42	42	1.0	40.0	60.0	42	0						false										
ON023025.1	2718	REF	ref	A		42	42	1.0	39.61904761904762	60.0	42	0						false										
ON023025.1	2719	REF	ref	A		42	42	1.0	40.0	60.0	42	0						false										
ON023025.1	2720	REF	ref	A		42	42	1.0	40.0	60.0	42	0						false										
ON023025.1	2721	REF	ref	T		42	42	1.0	40.0	60.0	42	0						false										
ON023025.1	2722	REF	ref	A		42	42	1.0	39.61904761904762	60.0	42	0						false										
ON023025.1	2723	REF	ref	T		42	42	1.0	40.0	60.0	42	0						false										
ON023025.1	2724	REF	ref	T		42	42	1.0	40.0	60.0	42	0						false										
ON023025.1	2725	REF	ref	A		58	58	1.0	39.724137931034484	60.0	58	0						false										
ON023025.1	2726	REF	ref	A		59	59	1.0	40.0	59.79661016949152	59	0						false										
ON023025.1	2727	REF	ref	A		59	59	1.0	39.728813559322035	59.79661016949152	59	0						false										
ON023025.1	2728	REF	ref	A		59	59	1.0	40.0	59.79661016949152	59	0						false										
ON023025.1	2729	REF	ref	G		59	59	1.0	39.45762711864407	59.79661016949152	59	0						false										
ON023025.1	2730	REF	ref	A		58	58	1.0	40.0	59.793103448275865	58	0						false										
ON023025.1	2731	REF	ref	T		59	59	1.0	50.71186440677966	58.983050847457626	48	11						false										
ON023025.1	2732	REF	ref	C		59	59	1.0	51.52542372881356	58.932203389830505	47	12						false										
ON023025.1	2733	REF	ref	A		59	59	1.0	50.983050847457626	58.932203389830505	47	12						false										
ON023025.1	2734	REF	ref	T		59	59	1.0	51.0	58.932203389830505	47	12						false										
ON023025.1	2735	REF	ref	T		59	59	1.0	51.52542372881356	58.932203389830505	47	12						false										
ON023025.1	2736	REF	ref	A		59	59	1.0	51.52542372881356	58.932203389830505	47	12						false										
ON023025.1	2737	REF	ref	C		59	59	1.0	50.983050847457626	58.932203389830505	47	12						false										
ON023025.1	2738	REF	ref	A		59	59	1.0	51.25423728813559	58.932203389830505	47	12						false										
ON023025.1	2739	REF	ref	A		59	59	1.0	51.52542372881356	58.932203389830505	47	12						false										
ON023025.1	2740	REF	ref	T		59	59	1.0	51.52542372881356	58.932203389830505	47	12						false										
ON023025.1	2741	REF	ref	A		59	59	1.0	50.983050847457626	58.932203389830505	47	12						false										
ON023025.1	2742	REF	ref	T		59	59	1.0	50.45762711864407	58.932203389830505	47	12						false										
ON023025.1	2743	REF	ref	T		59	59	1.0	50.983050847457626	58.932203389830505	47	12						false										
ON023025.1	2744	REF	ref	T		59	59	1.0	50.728813559322035	58.932203389830505	47	12						false										
ON023025.1	2745	REF	ref	C		59	59	1.0	51.25423728813559	58.932203389830505	47	12						false										
ON023025.1	2746	REF	ref	T		59	59	1.0	51.52542372881356	58.932203389830505	47	12						false										
ON023025.1	2747	REF	ref	T		59	59	1.0	50.983050847457626	58.932203389830505	47	12						false										
ON023025.1	2748	REF	ref	T		76	76	1.0	48.31578947368421	59.21052631578947	48	28						false										
ON023025.1	2749	REF	ref	A		76	76	1.0	48.526315789473685	59.171052631578945	47	29						false										
ON023025.1	2750	REF	ref	G		76	76	1.0	48.94736842105263	59.171052631578945	47	29						false										
ON023025.1	2751	REF	ref	A		76	76	1.0	48.73684210526316	59.171052631578945	47	29						false										
ON023025.1	2752	REF	ref	T		76	76	1.0	48.73684210526316	59.171052631578945	47	29						false										
ON023025.1	2753	REF	ref	A		102	102	1.0	46.509803921568626	59.38235294117647	47	55						false										
ON023025.1	2754	REF	ref	A		102	102	1.0	46.35294117647059	59.38235294117647	47	55						false										
ON023025.1	2755	REF	ref	T		102	102	1.0	46.509803921568626	59.38235294117647	47	55						false										
ON023025.1	2756	REF	ref	C		102	102	1.0	46.509803921568626	59.38235294117647	47	55						false										
ON023025.1	2757	REF	ref	C		102	102	1.0	46.666666666666664	59.38235294117647	47	55						false										
ON023025.1	2758	REF	ref	C		102	102	1.0	45.57843137254902	59.38235294117647	47	55						false										
ON023025.1	2759	REF	ref	C		102	102	1.0	45.88235294117647	59.38235294117647	47	55						false										
ON023025.1	2760	REF	ref	T		102	102	1.0	46.509803921568626	59.38235294117647	47	55						false										
ON023025.1	2761	REF	ref	A		102	102	1.0	46.666666666666664	59.38235294117647	47	55						false										
ON023025.1	2762	REF	ref	G		102	102	1.0	46.509803921568626	59.38235294117647	47	55						false										
ON023025.1	2763	REF	ref	A		81	81	1.0	48.39506172839506	59.22222222222222	26	55						false										
ON023025.1	2764	REF	ref	A		81	81	1.0	48.19753086419753	59.22222222222222	26	55						false										
ON023025.1	2765	REF	ref	A		81	81	1.0	47.60493827160494	59.22222222222222	26	55						false										
ON023025.1	2766	REF	ref	A		81	81	1.0	48.39506172839506	59.22222222222222	26	55						false										
ON023025.1	2767	REF	ref	C		81	81	1.0	48.19753086419753	59.22222222222222	26	55						false										
ON023025.1	2768	REF	ref	C		81	81	1.0	48.39506172839506	59.22222222222222	26	55						false										
ON023025.1	2769	REF	ref	C		81	81	1.0	48.0	59.22222222222222	26	55						false										
ON023025.1	2770	REF	ref	A		102	102	1.0	46.03921568627451	59.38235294117647	26	76						false										
ON023025.1	2771	REF	ref	T		102	102	1.0	46.19607843137255	59.38235294117647	26	76						false										
ON023025.1	2772	REF	ref	C		102	102	1.0	46.666666666666664	59.38235294117647	26	76						false										
ON023025.1	2773	REF	ref	T		101	101	1.0	46.73267326732673	59.37623762376238	26	75						false										
ON023025.1	2774	REF	ref	T		102	102	1.0	46.509803921568626	59.38235294117647	26	76						false										
ON023025.1	2775	REF	ref	C		102	102	1.0	46.35294117647059	59.38235294117647	26	76						false										
ON023025.1	2776	REF	ref	C		102	102	1.0	46.35294117647059	59.38235294117647	26	76						false										
ON023025.1	2777	REF	ref	C		102	102	1.0	46.35294117647059	59.38235294117647	26	76						false										
ON023025.1	2778	REF	ref	T		102	102	1.0	46.205882352941174	59.38235294117647	26	76						false										
ON023025.1	2779	REF	ref	G		102	102	1.0	46.35294117647059	59.38235294117647	26	76						false										
ON023025.1	2780	REF	ref	T		102	102	1.0	46.509803921568626	59.38235294117647	26	76						false										
ON023025.1	2781	REF	ref	T		102	102	1.0	45.88235294117647	59.38235294117647	26	76						false										
ON023025.1	2782	REF	ref	T		101	101	1.0	46.57425742574257	59.37623762376238	26	75						false										
ON023025.1	2783	REF	ref	G		102	102	1.0	46.666666666666664	59.38235294117647	26	76						false										
ON023025.1	2784	REF	ref	A		102	102	1.0	46.509803921568626	59.38235294117647	26	76						false										
ON023025.1	2785	REF	ref	C		102	102	1.0	46.36274509803921	59.38235294117647	26	76						false										
ON023025.1	2786	REF	ref	T		102	102	1.0	46.205882352941174	59.38235294117647	26	76						false										
ON023025.1	2787	REF	ref	T		102	102	1.0	46.205882352941174	59.38235294117647	26	76						false										
ON023025.1	2788	REF	ref	A		102	102	1.0	46.03921568627451	59.38235294117647	26	76						false										
ON023025.1	2789	REF	ref	G		102	102	1.0	46.19607843137255	59.38235294117647	26	76						false										
ON023025.1	2790	REF	ref	T		102	102	1.0	46.509803921568626	59.38235294117647	26	76						false										
ON023025.1	2791	REF	ref	T		102	102	1.0	46.509803921568626	59.38235294117647	26	76						false										
ON023025.1	2792	REF	ref	G		102	102	1.0	46.666666666666664	59.38235294117647	26	76						false										
ON023025.1	2793	REF	ref	C		102	102	1.0	46.19607843137255	59.38235294117647	26	76						false										
ON023025.1	2794	REF	ref	T		102	102	1.0	46.509803921568626	59.38235294117647	26	76						false										
ON023025.1	2795	REF	ref	C		102	102	1.0	46.205882352941174	59.38235294117647	26	76						false										
ON023025.1	2796	REF	ref	G		102	102	1.0	46.666666666666664	59.38235294117647	26	76						false										
ON023025.1	2797	REF	ref	T		102	102	1.0	46.509803921568626	59.38235294117647	26	76						false										
ON023025.1	2798	REF	ref	A		102	102	1.0	50.27450980392157	59.38235294117647	21	81						false										
ON023025.1	2799	REF	ref	T		101	100	0.9900990099009901	50.17	59.37	21	79						false										
ON023025.1	2799	SNV	alt	T	C	101	1	0.009900990099009901	40.0	60.0	21	79	0	1	0.9999999999999832	Ts		true	VP1	gene-VP1	+	ATT	ACT	I	T	66	2	missense
ON023025.1	2800	REF	ref	T		101	101	1.0	50.693069306930695	59.37623762376238	21	80						false										
ON023025.1	2801	REF	ref	A		102	102	1.0	50.11764705882353	59.38235294117647	21	81						false										
ON023025.1	2802	REF	ref	A		102	102	1.0	49.96078431372549	59.38235294117647	21	81						false										
ON023025.1	2803	REF	ref	A		102	102	1.0	50.431372549019606	59.38235294117647	21	81						false										
ON023025.1	2804	REF	ref	A		102	102	1.0	50.431372549019606	59.38235294117647	21	81						false										
ON023025.1	2805	REF	ref	G		102	102	1.0	50.431372549019606	59.38235294117647	21	81						false										
ON023025.1	2806	REF	ref	T		102	102	1.0	50.431372549019606	59.38235294117647	21	81						false										
ON023025.1	2807	REF	ref	A		102	102	1.0	50.27450980392157	59.38235294117647	21	81						false										
ON023025.1	2808	REF	ref	A		102	102	1.0	50.431372549019606	59.38235294117647	21	81						false										
ON023025.1	2809	REF	ref	T		101	101	1.0	50.37623762376238	59.37623762376238	21	80						false										
ON023025.1	2810	REF	ref	C		102	102	1.0	50.27450980392157	59.38235294117647	21	81						false										
ON023025.1	2811	REF	ref	T		102	102	1.0	50.11764705882353	59.38235294117647	21	81						false										
ON023025.1	2812	REF	ref	T		101	101	1.0	50.53465346534654	59.37623762376238	21	80						false										
ON023025.1	2813	REF	ref	A		102	102	1.0	50.11764705882353	59.38235294117647	21	81						false										
ON023025.1	2814	REF	ref	A		102	102	1.0	50.588235294117645	59.38235294117647	21	81						false										
ON023025.1	2815	REF	ref	A		102	102	1.0	50.11764705882353	59.38235294117647	21	81						false										
ON023025.1	2816	REF	ref	G		102	102	1.0	50.27450980392157	59.38235294117647	21	81						false										
ON023025.1	2817	REF	ref	A		102	102	1.0	49.96078431372549	59.38235294117647	21	81						false										
ON023025.1	2818	REF	ref	C		102	102	1.0	49.970588235294116	59.38235294117647	21	81						false										
ON023025.1	2819	REF	ref	T		102	102	1.0	50.27450980392157	59.38235294117647	21	81						false										
ON023025.1	2820	REF	ref	C		102	102	1.0	50.127450980392155	59.38235294117647	21	81						false										
ON023025.1	2821	REF	ref	T		102	101	0.9901960784313726	50.53465346534654	59.37623762376238	21	80						false										
ON023025.1	2821	SNV	alt	T	C	102	1	0.00980392156862745	40.0	60.0	21	80	0	1	0.9999999999999902	Ts		true	VP1	gene-VP1	+	TCT	TCC	S	S	73	3	synonymous
ON023025.1	2822	REF	ref	C		102	102	1.0	50.431372549019606	59.38235294117647	21	81						false										
ON023025.1	2823	REF	ref	C		102	102	1.0	46.666666666666664	59.38235294117647	16	86						false										
ON023025.1	2824	REF	ref	A		101	101	1.0	46.257425742574256	59.37623762376238	16	85						false										
ON023025.1	2825	REF	ref	G		102	102	1.0	46.03921568627451	59.38235294117647	16	86						false										
ON023025.1	2826	REF	ref	A		102	102	1.0	46.35294117647059	59.38235294117647	16	86						false										
ON023025.1	2827	REF	ref	C		102	102	1.0	46.36274509803921	59.38235294117647	16	86						false										
ON023025.1	2828	REF	ref	C		102	102	1.0	46.19607843137255	59.38235294117647	16	86						false										
ON023025.1	2829	REF	ref	T		102	102	1.0	46.049019607843135	59.38235294117647	16	86						false										
ON023025.1	2830	REF	ref	A		102	102	1.0	46.509803921568626	59.38235294117647	16	86						false										
ON023025.1	2831	REF	ref	T		102	102	1.0	46.049019607843135	59.38235294117647	16	86						false										
ON023025.1	2832	REF	ref	A		102	102	1.0	46.19607843137255	59.38235294117647	16	86						false										
ON023025.1	2833	REF	ref	T		102	102	1.0	46.35294117647059	59.38235294117647	16	86						false										
ON023025.1	2834	REF	ref	A		102	102	1.0	46.205882352941174	59.38235294117647	16	86						false										
ON023025.1	2835	REF	ref	G		102	102	1.0	46.35294117647059	59.38235294117647	16	86						false										
ON023025.1	2836	REF	ref	T		102	102	1.0	46.205882352941174	59.38235294117647	16	86						false										
ON023025.1	2837	REF	ref	C		102	102	1.0	46.509803921568626	59.38235294117647	16	86						false										
ON023025.1	2838	REF	ref	A		102	102	1.0	46.35294117647059	59.38235294117647	16	86						false										
ON023025.1	2839	REF	ref	T		102	102	1.0	46.19607843137255	59.411764705882355	17	85						false										
ON023025.1	2840	REF	ref	C		102	91	0.8921568627450981	47.13186813186813	59.30769230769231	5	86						false										
ON023025.1	2840	SNV	alt	C	A	102	11	0.10784313725490197	40.0	60.0	5	86	11	0	2.4518298596527266e-11	Tv		true	VP1	gene-VP1	+	CAT	AAT	H	N	80	1	missense
ON023025.1	2841	REF	ref	A		91	91	1.0	47.2967032967033	59.30769230769231	5	86						false										
ON023025.1	2842	REF	ref	T		91	91	1.0	46.94505494505494	59.34065934065934	6	85						false										
ON023025.1	2843	REF	ref	T		91	91	1.0	47.2967032967033	59.30769230769231	5	86						false										
ON023025.1	2844	REF	ref	T		91	91	1.0	46.59340659340659	59.34065934065934	6	85						false										
ON023025.1	2845	REF	ref	T		91	91	1.0	46.956043956043956	59.30769230769231	5	86						false										
ON023025.1	2846	REF	ref	C		91	91	1.0	47.2967032967033	59.30769230769231	5	86						false										
ON023025.1	2847	REF	ref	A		91	91	1.0	47.120879120879124	59.30769230769231	5	86						false										
ON023025.1	2848	REF	ref	A		91	91	1.0	47.13186813186813	59.30769230769231	5	86						false										
ON023025.1	2849	REF	ref	A		91	91	1.0	46.604395604395606	59.30769230769231	5	86						false										
ON023025.1	2850	REF	ref	G		91	91	1.0	47.472527472527474	59.30769230769231	5	86						false										
ON023025.1	2851	REF	ref	T		91	91	1.0	47.13186813186813	59.30769230769231	5	86						false										
ON023025.1	2852	REF	ref	C		91	91	1.0	47.13186813186813	59.30769230769231	5	86						false										
ON023025.1	2853	REF	ref	A		91	91	1.0	46.956043956043956	59.30769230769231	5	86						false										
ON023025.1	2854	REF	ref	T		91	91	1.0	47.472527472527474	59.30769230769231	5	86						false										
ON023025.1	2855	REF	ref	G		91	91	1.0	47.2967032967033	59.30769230769231	5	86						false										
ON023025.1	2856	REF	ref	G		91	91	1.0	47.2967032967033	59.30769230769231	5	86						false										
ON023025.1	2857	REF	ref	A		91	91	1.0	47.2967032967033	59.30769230769231	5	86						false										
ON023025.1	2858	REF	ref	C		91	91	1.0	47.2967032967033	59.30769230769231	5	86						false										
ON023025.1	2859	REF	ref	A		91	91	1.0	47.13186813186813	59.30769230769231	5	86						false										
ON023025.1	2860	REF	ref	G		91	91	1.0	47.472527472527474	59.30769230769231	5	86						false										
ON023025.1	2861	REF	ref	T		91	91	1.0	46.956043956043956	59.30769230769231	5	86						false										
ON023025.1	2862	REF	ref	T		91	91	1.0	46.94505494505494	59.34065934065934	6	85						false										
ON023025.1	2863	REF	ref	A		91	91	1.0	47.2967032967033	59.30769230769231	5	86						false										
ON023025.1	2864	REF	ref	T		91	91	1.0	47.120879120879124	59.30769230769231	5	86						false										
ON023025.1	2865	REF	ref	C		91	91	1.0	46.94505494505494	59.34065934065934	6	85						false										
ON023025.1	2866	REF	ref	T		91	91	1.0	46.59340659340659	59.34065934065934	6	85						false										
ON023025.1	2867	REF	ref	G		91	91	1.0	47.120879120879124	59.30769230769231	5	86						false										
ON023025.1	2868	REF	ref	A		91	91	1.0	46.78021978021978	59.30769230769231	5	86						false										
ON023025.1	2869	REF	ref	C		91	91	1.0	46.94505494505494	59.30769230769231	5	86						false										
ON023025.1	2870	REF	ref	C		91	91	1.0	47.13186813186813	59.30769230769231	5	86						false										
ON023025.1	2871	REF	ref	A		91	91	1.0	47.120879120879124	59.30769230769231	5	86						false										
ON023025.1	2872	REF	ref	C		91	91	1.0	46.42857142857143	59.30769230769231	5	86						false										
ON023025.1	2873	REF	ref	C		91	91	1.0	46.79120879120879	59.30769230769231	5	86						false										
ON023025.1	2874	REF	ref	C		91	90	0.989010989010989	46.41111111111111	59.3	4	86						false										
ON023025.1	2874	SNV	alt	C	T	91	1	0.01098901098901099	80.0	60.0	4	86	1	0	0.05494505494505182	Ts		true	VP1	gene-VP1	+	CCC	CTC	P	L	91	2	missense
ON023025.1	2875	REF	ref	C		90	90	1.0	47.37777777777778	59.3	5	85						false										
ON023025.1	2876	REF	ref	C		91	91	1.0	39.824175824175825	58.84615384615385	0	91						false										
ON023025.1	2877	REF	ref	A		91	91	1.0	39.824175824175825	58.84615384615385	0	91						false										
ON023025.1	2878	REF	ref	T		91	91	1.0	40.0	58.84615384615385	0	91						false										
ON023025.1	2879	REF	ref	G		91	91	1.0	40.0	58.84615384615385	0	91						false										
ON023025.1	2880	REF	ref	C		90	90	1.0	39.82222222222222	58.86666666666667	0	90						false										
ON023025.1	2881	REF	ref	C		91	91	1.0	39.824175824175825	58.84615384615385	0	91						false										
ON023025.1	2882	REF	ref	T		74	74	1.0	39.567567567567565	60.0	0	74						false										
ON023025.1	2883	REF	ref	T		74	74	1.0	39.78378378378378	60.0	0	74						false										
ON023025.1	2884	REF	ref	A		74	74	1.0	40.0	60.0	0	74						false										
ON023025.1	2885	REF	ref	T		74	74	1.0	39.78378378378378	60.0	0	74						false										
ON023025.1	2886	REF	ref	C		74	74	1.0	40.0	60.0	0	74						false										
ON023025.1	2887	REF	ref	A		74	74	1.0	40.0	60.0	0	74						false										
ON023025.1	2888	REF	ref	C		74	74	1.0	39.78378378378378	60.0	0	74						false										
ON023025.1	2889	REF	ref	C		74	74	1.0	40.0	60.0	0	74						false										
ON023025.1	2890	REF	ref	C		74	74	1.0	40.0	60.0	0	74						false										
ON023025.1	2891	REF	ref	A		74	74	1.0	39.78378378378378	60.0	0	74						false										
ON023025.1	2892	REF	ref	G		74	74	1.0	39.78378378378378	60.0	0	74						false										
ON023025.1	2893	REF	ref	T		74	74	1.0	40.0	60.0	0	74						false										
ON023025.1	2894	REF	ref	A		74	74	1.0	40.0	60.0	0	74						false										
ON023025.1	2895	REF	ref	G		74	74	1.0	40.0	60.0	0	74						false										
ON023025.1	2896	REF	ref	C		74	74	1.0	40.0	60.0	0	74						false										
ON023025.1	2897	REF	ref	A		74	74	1.0	40.0	60.0	0	74						false										
ON023025.1	2898	REF	ref	G		74	74	1.0	40.0	60.0	0	74						false										
ON023025.1	2899	REF	ref	T		57	57	1.0	40.0	60.0	0	57						false										
ON023025.1	2900	REF	ref	C		76	76	1.0	40.0	60.0	19	57						false										
ON023025.1	2901	REF	ref	A		76	76	1.0	39.78947368421053	60.0	19	57						false										
ON023025.1	2902	REF	ref	T		74	74	1.0	40.0	60.0	19	55						false										
ON023025.1	2903	REF	ref	A		76	76	1.0	40.0	60.0	19	57						false										
ON023025.1	2904	REF	ref	C		49	49	1.0	40.0	60.0	19	30						false										
ON023025.1	2905	REF	ref	A		50	50	1.0	40.0	60.0	19	31						false										
ON023025.1	2906	REF	ref	G		50	50	1.0	40.0	60.0	19	31						false										
ON023025.1	2907	REF	ref	A		50	50	1.0	40.0	60.0	19	31						false										
ON023025.1	2908	REF	ref	A		50	50	1.0	40.0	60.0	19	31						false										
ON023025.1	2909	REF	ref	C		50	50	1.0	39.68	60.0	19	31						false										
ON023025.1	2910	REF	ref	C		50	50	1.0	40.0	60.0	19	31						false										
ON023025.1	2911	REF	ref	T		49	49	1.0	39.3469387755102	60.0	19	30						false										
ON023025.1	2912	REF	ref	A		49	49	1.0	40.0	60.0	19	30						false										
ON023025.1	2913	REF	ref	G		50	50	1.0	40.0	60.0	19	31						false										
ON023025.1	2914	REF	ref	A		50	50	1.0	40.0	60.0	19	31						false										
ON023025.1	2915	REF	ref	G		50	50	1.0	39.68	60.0	19	31						false										
ON023025.1	2916	REF	ref	G		50	50	1.0	40.0	60.0	19	31						false										
ON023025.1	2917	REF	ref	A		50	50	1.0	40.0	60.0	19	31						false										
ON023025.1	2918	REF	ref	G		50	50	1.0	40.0	60.0	19	31						false										
ON023025.1	2919	REF	ref	A		50	50	1.0	40.0	60.0	19	31						false										
ON023025.1	2920	REF	ref	A		50	50	1.0	40.0	60.0	19	31						false										
ON023025.1	2921	REF	ref	A		29	29	1.0	40.0	60.0	19	10						false										
ON023025.1	2922	REF	ref	A		29	29	1.0	40.0	60.0	19	10						false										
ON023025.1	2923	REF	ref	T		29	29	1.0	40.0	60.0	19	10						false										
ON023025.1	2924	REF	ref	G		29	29	1.0	40.0	60.0	19	10						false										
ON023025.1	2925	REF	ref	C		29	29	1.0	40.0	60.0	19	10						false										
ON023025.1	2926	REF	ref	A		29	29	1.0	40.0	60.0	19	10						false										
ON023025.1	2927	REF	ref	G		29	29	1.0	40.0	60.0	19	10						false										
ON023025.1	2928	REF	ref	T		29	29	1.0	40.0	60.0	19	10						false										
ON023025.1	2929	REF	ref	A		29	29	1.0	40.0	60.0	19	10						false										
ON023025.1	2930	REF	ref	T		29	29	1.0	40.0	60.0	19	10						false										
ON023025.1	2931	REF	ref	T		29	29	1.0	40.0	60.0	19	10						false										
ON023025.1	2932	REF	ref	A		29	29	1.0	40.0	60.0	19	10						false										
ON023025.1	2933	REF	ref	T		40	40	1.0	40.0	60.0	19	21						false										
ON023025.1	2934	REF	ref	C		40	40	1.0	40.0	60.0	19	21						false										
ON023025.1	2935	REF	ref	T		40	40	1.0	40.0	60.0	19	21						false										
ON023025.1	2936	REF	ref	A		40	40	1.0	40.0	60.0	19	21						false										
ON023025.1	2937	REF	ref	G		40	40	1.0	39.6	60.0	19	21						false										
ON023025.1	2938	REF	ref	T		40	40	1.0	40.0	60.0	19	21						false										
ON023025.1	2939	REF	ref	G		40	40	1.0	40.0	60.0	19	21						false										
ON023025.1	2940	REF	ref	A		40	40	1.0	40.0	60.0	19	21						false										
ON023025.1	2941	REF	ref	A		40	40	1.0	39.6	60.0	19	21						false										
ON023025.1	2942	REF	ref	G		40	40	1.0	40.0	60.0	19	21						false										
ON023025.1	2943	REF	ref	A		40	40	1.0	40.0	60.0	19	21						false										
ON023025.1	2944	REF	ref	C		59	59	1.0	52.33898305084746	58.52542372881356	30	29						false										
ON023025.1	2945	REF	ref	T		58	58	1.0	52.13793103448276	58.5	29	29						false										
ON023025.1	2946	REF	ref	T		59	59	1.0	52.33898305084746	58.52542372881356	30	29						false										
ON023025.1	2947	REF	ref	A		59	59	1.0	52.88135593220339	58.52542372881356	30	29						false										
ON023025.1	2948	REF	ref	C		65	65	1.0	51.69230769230769	58.66153846153846	36	29						false										
ON023025.1	2949	REF	ref	A		55	55	1.0	53.25454545454546	58.41818181818182	36	19						false										
ON023025.1	2950	REF	ref	C		55	55	1.0	53.236363636363635	58.41818181818182	36	19						false										
ON023025.1	2951	REF	ref	A		55	55	1.0	53.25454545454546	58.41818181818182	36	19						false										
ON023025.1	2952	REF	ref	A		55	55	1.0	53.527272727272724	58.41818181818182	36	19						false										
ON023025.1	2953	REF	ref	G		55	55	1.0	53.81818181818182	58.41818181818182	36	19						false										
ON023025.1	2954	REF	ref	C		55	55	1.0	53.527272727272724	58.41818181818182	36	19						false										
ON023025.1	2955	REF	ref	C		55	55	1.0	53.236363636363635	58.41818181818182	36	19						false										
ON023025.1	2956	REF	ref	T		55	55	1.0	53.527272727272724	58.41818181818182	36	19						false										
ON023025.1	2957	REF	ref	G		55	55	1.0	53.527272727272724	58.41818181818182	36	19						false										
ON023025.1	2958	REF	ref	G		55	55	1.0	53.527272727272724	58.41818181818182	36	19						false										
ON023025.1	2959	REF	ref	G		55	55	1.0	53.81818181818182	58.41818181818182	36	19						false										
ON023025.1	2960	REF	ref	C		55	55	1.0	53.81818181818182	58.41818181818182	36	19						false										
ON023025.1	2961	REF	ref	A		55	55	1.0	53.236363636363635	58.41818181818182	36	19						false										
ON023025.1	2962	REF	ref	A		55	55	1.0	53.81818181818182	58.41818181818182	36	19						false										
ON023025.1	2963	REF	ref	G		55	55	1.0	53.81818181818182	58.41818181818182	36	19						false										
ON023025.1	2964	REF	ref	T		55	55	1.0	52.945454545454545	58.41818181818182	36	19						false										
ON023025.1	2965	REF	ref	T		55	55	1.0	53.527272727272724	58.41818181818182	36	19						false										
ON023025.1	2966	REF	ref	A		55	55	1.0	53.236363636363635	58.41818181818182	36	19						false										
ON023025.1	2967	REF	ref	G		55	55	1.0	53.236363636363635	58.41818181818182	36	19						false										
ON023025.1	2968	REF	ref	C		55	55	1.0	60.8	58.41818181818182	31	24						false										
ON023025.1	2969	REF	ref	A		55	55	1.0	60.50909090909091	58.41818181818182	31	24						false										
ON023025.1	2970	REF	ref	T		55	55	1.0	61.09090909090909	58.41818181818182	31	24						false										
ON023025.1	2971	REF	ref	A		55	55	1.0	60.8	58.41818181818182	31	24						false										
ON023025.1	2972	REF	ref	C		55	55	1.0	60.8	58.41818181818182	31	24						false										
ON023025.1	2973	REF	ref	A		55	55	1.0	61.09090909090909	58.41818181818182	31	24						false										
ON023025.1	2974	REF	ref	A		54	54	1.0	61.48148148148148	58.388888888888886	30	24						false										
ON023025.1	2975	REF	ref	C		55	55	1.0	60.527272727272724	58.41818181818182	31	24						false										
ON023025.1	2976	REF	ref	T		55	55	1.0	60.8	58.41818181818182	31	24						false										
ON023025.1	2977	REF	ref	A		55	55	1.0	60.8	58.41818181818182	31	24						false										
ON023025.1	2978	REF	ref	C		55	55	1.0	60.8	58.41818181818182	31	24						false										
ON023025.1	2979	REF	ref	C		55	55	1.0	60.8	58.41818181818182	31	24						false										
ON023025.1	2980	REF	ref	C		55	55	1.0	61.09090909090909	58.41818181818182	31	24						false										
ON023025.1	2981	REF	ref	G		55	55	1.0	60.8	58.41818181818182	31	24						false										
ON023025.1	2982	REF	ref	G		55	55	1.0	60.527272727272724	58.41818181818182	31	24						false										
ON023025.1	2983	REF	ref	T		55	55	1.0	61.09090909090909	58.41818181818182	31	24						false										
ON023025.1	2984	REF	ref	A		55	55	1.0	60.8	58.41818181818182	31	24						false										
ON023025.1	2985	REF	ref	C		55	55	1.0	61.09090909090909	58.41818181818182	31	24						false										
ON023025.1	2986	REF	ref	T		55	55	1.0	60.527272727272724	58.41818181818182	31	24						false										
ON023025.1	2987	REF	ref	A		55	55	1.0	60.236363636363635	58.41818181818182	31	24						false										
ON023025.1	2988	REF	ref	A		55	55	1.0	61.09090909090909	58.41818181818182	31	24						false										
ON023025.1	2989	REF	ref	C		55	55	1.0	60.8	58.41818181818182	31	24						false										
ON023025.1	2990	REF	ref	T		55	55	1.0	60.8	58.41818181818182	31	24						false										
ON023025.1	2991	REF	ref	A		55	55	1.0	61.09090909090909	58.41818181818182	31	24						false										
ON023025.1	2992	REF	ref	T		55	55	1.0	60.21818181818182	58.41818181818182	31	24						false										
ON023025.1	2993	REF	ref	G		55	55	1.0	60.527272727272724	58.41818181818182	31	24						false										
ON023025.1	2994	REF	ref	T		55	55	1.0	60.50909090909091	58.41818181818182	31	24						false										
ON023025.1	2995	REF	ref	T		55	55	1.0	60.8	58.41818181818182	31	24						false										
ON023025.1	2996	REF	ref	G		55	55	1.0	60.527272727272724	58.41818181818182	31	24						false										
ON023025.1	2997	REF	ref	G		55	55	1.0	60.8	58.41818181818182	31	24						false										
ON023025.1	2998	REF	ref	G		55	55	1.0	61.09090909090909	58.41818181818182	31	24						false										
ON023025.1	2999	REF	ref	C		55	55	1.0	60.8	58.41818181818182	31	24						false										
ON023025.1	3000	REF	ref	C		55	55	1.0	60.21818181818182	58.41818181818182	31	24						false										
ON023025.1	3001	REF	ref	T		55	55	1.0	60.50909090909091	58.41818181818182	31	24						false										
ON023025.1	3002	REF	ref	G		55	55	1.0	60.8	58.41818181818182	31	24						false										
ON023025.1	3003	REF	ref	G		55	55	1.0	60.236363636363635	58.41818181818182	31	24						false										
ON023025.1	3004	REF	ref	C		55	0	0.0			0	0						false										
ON023025.1	3004	SNV	alt	C	T	55	55	1.0	60.50909090909091	58.41818181818182	0	0	31	24	1.0	Ts		true	VP1	gene-VP1	+	GGC	GGT	G	G	134	3	synonymous
ON023025.1	3005	REF	ref	A		55	55	1.0	60.8	58.41818181818182	31	24						false										
ON023025.1	3006	REF	ref	A		55	55	1.0	59.654545454545456	58.41818181818182	31	24						false										
ON023025.1	3007	REF	ref	T		55	55	1.0	61.09090909090909	58.41818181818182	31	24						false										
ON023025.1	3008	REF	ref	G		56	56	1.0	60.142857142857146	58.44642857142857	32	24						false										
ON023025.1	3009	REF	ref	A		56	56	1.0	59.857142857142854	58.44642857142857	32	24						false										
ON023025.1	3010	REF	ref	G		56	56	1.0	60.42857142857143	58.44642857142857	32	24						false										
ON023025.1	3011	REF	ref	C		56	56	1.0	60.142857142857146	58.44642857142857	32	24						false										
ON023025.1	3012	REF	ref	T		56	56	1.0	60.42857142857143	58.44642857142857	32	24						false										
ON023025.1	3013	REF	ref	A		56	56	1.0	65.0	58.44642857142857	28	28						false										
ON023025.1	3014	REF	ref	C		56	56	1.0	65.0	58.44642857142857	28	28						false										
ON023025.1	3015	REF	ref	A		56	56	1.0	64.42857142857143	58.44642857142857	28	28						false										
ON023025.1	3016	REF	ref	A		56	56	1.0	64.42857142857143	58.44642857142857	28	28						false										
ON023025.1	3017	REF	ref	G		56	56	1.0	65.0	58.44642857142857	28	28						false										
ON023025.1	3018	REF	ref	C		56	56	1.0	64.71428571428571	58.44642857142857	28	28						false										
ON023025.1	3019	REF	ref	T		56	56	1.0	65.0	58.44642857142857	28	28						false										
ON023025.1	3020	REF	ref	G		56	56	1.0	64.71428571428571	58.44642857142857	28	28						false										
ON023025.1	3021	REF	ref	G		56	56	1.0	64.16071428571429	58.44642857142857	28	28						false										
ON023025.1	3022	REF	ref	G		56	56	1.0	65.0	58.44642857142857	28	28						false										
ON023025.1	3023	REF	ref	C		56	56	1.0	65.0	58.44642857142857	28	28						false										
ON023025.1	3024	REF	ref	C		56	56	1.0	64.71428571428571	58.44642857142857	28	28						false										
ON023025.1	3025	REF	ref	C		56	56	1.0	64.42857142857143	58.44642857142857	28	28						false										
ON023025.1	3026	REF	ref	C		76	76	1.0	57.38157894736842	58.85526315789474	48	28						false										
ON023025.1	3027	REF	ref	C		76	76	1.0	58.21052631578947	58.85526315789474	48	28						false										
ON023025.1	3028	REF	ref	G		76	76	1.0	58.0	58.85526315789474	48	28						false										
ON023025.1	3029	REF	ref	C		76	76	1.0	58.21052631578947	58.85526315789474	48	28						false										
ON023025.1	3030	REF	ref	A		76	76	1.0	58.421052631578945	58.85526315789474	48	28						false										
ON023025.1	3031	REF	ref	A		76	76	1.0	57.39473684210526	58.85526315789474	48	28						false										
ON023025.1	3032	REF	ref	A		76	76	1.0	58.21052631578947	58.85526315789474	48	28						false										
ON023025.1	3033	REF	ref	G		76	76	1.0	58.21052631578947	58.85526315789474	48	28						false										
ON023025.1	3034	REF	ref	T		76	76	1.0	58.01315789473684	58.85526315789474	48	28						false										
ON023025.1	3035	REF	ref	G		76	76	1.0	58.421052631578945	58.85526315789474	48	28						false										
ON023025.1	3036	REF	ref	C		76	76	1.0	58.21052631578947	58.85526315789474	48	28						false										
ON023025.1	3037	REF	ref	T		76	76	1.0	57.78947368421053	58.85526315789474	48	28						false										
ON023025.1	3038	REF	ref	G		76	76	1.0	58.421052631578945	58.85526315789474	48	28						false										
ON023025.1	3039	REF	ref	T		76	76	1.0	57.80263157894737	58.85526315789474	48	28						false										
ON023025.1	3040	REF	ref	G		76	76	1.0	58.21052631578947	58.85526315789474	48	28						false										
ON023025.1	3041	REF	ref	G		76	76	1.0	62.94736842105263	58.85526315789474	41	35						false										
ON023025.1	3042	REF	ref	A		75	75	1.0	63.46666666666667	58.84	40	35						false										
ON023025.1	3043	REF	ref	C		76	76	1.0	62.94736842105263	58.85526315789474	41	35						false										
ON023025.1	3044	REF	ref	A		76	76	1.0	63.1578947368421	58.85526315789474	41	35						false										
ON023025.1	3045	REF	ref	G		76	76	1.0	62.73684210526316	58.85526315789474	41	35						false										
ON023025.1	3046	REF	ref	T		76	76	1.0	62.75	58.85526315789474	41	35						false										
ON023025.1	3047	REF	ref	G		76	76	1.0	62.94736842105263	58.85526315789474	41	35						false										
ON023025.1	3048	REF	ref	C		76	76	1.0	62.526315789473685	58.85526315789474	41	35						false										
ON023025.1	3049	REF	ref	T		76	76	1.0	62.73684210526316	58.85526315789474	41	35						false										
ON023025.1	3050	REF	ref	G		76	76	1.0	62.94736842105263	58.85526315789474	41	35						false										
ON023025.1	3051	REF	ref	C		76	76	1.0	52.94736842105263	58.85526315789474	34	42						false										
ON023025.1	3052	REF	ref	A		76	76	1.0	52.53947368421053	58.85526315789474	34	42						false										
ON023025.1	3053	REF	ref	A		75	75	1.0	53.12	58.84	33	42						false										
ON023025.1	3054	REF	ref	G		76	76	1.0	52.73684210526316	58.85526315789474	34	42						false										
ON023025.1	3055	REF	ref	G		75	75	1.0	52.906666666666666	58.84	33	42						false										
ON023025.1	3056	REF	ref	A		76	76	1.0	52.11842105263158	58.85526315789474	34	42						false										
ON023025.1	3057	REF	ref	T		76	76	1.0	52.94736842105263	58.85526315789474	34	42						false										
ON023025.1	3058	REF	ref	T		76	76	1.0	52.94736842105263	58.85526315789474	34	42						false										
ON023025.1	3059	REF	ref	C		76	76	1.0	52.73684210526316	58.85526315789474	34	42						false										
ON023025.1	3060	REF	ref	A		76	76	1.0	52.53947368421053	58.85526315789474	34	42						false										
ON023025.1	3061	REF	ref	T		76	76	1.0	52.73684210526316	58.85526315789474	34	42						false										
ON023025.1	3062	REF	ref	G		76	76	1.0	52.94736842105263	58.85526315789474	34	42						false										
ON023025.1	3063	REF	ref	A		76	76	1.0	52.94736842105263	58.85526315789474	34	42						false										
ON023025.1	3064	REF	ref	C		76	76	1.0	52.73684210526316	58.85526315789474	34	42						false										
ON023025.1	3065	REF	ref	T		76	76	1.0	52.94736842105263	58.85526315789474	34	42						false										
ON023025.1	3066	REF	ref	T		76	76	1.0	53.1578947368421	58.85526315789474	34	42						false										
ON023025.1	3067	REF	ref	T		76	76	1.0	52.73684210526316	58.85526315789474	34	42						false										
ON023025.1	3068	REF	ref	A		75	75	1.0	52.693333333333335	58.84	33	42						false										
ON023025.1	3069	REF	ref	G		76	76	1.0	53.1578947368421	58.85526315789474	34	42						false										
ON023025.1	3070	REF	ref	G		75	75	1.0	53.12	58.84	33	42						false										
ON023025.1	3071	REF	ref	T		75	75	1.0	53.333333333333336	58.84	34	41						false										
ON023025.1	3072	REF	ref	A		75	75	1.0	52.70666666666666	58.84	33	42						false										
ON023025.1	3073	REF	ref	T		76	76	1.0	52.94736842105263	58.85526315789474	34	42						false										
ON023025.1	3074	REF	ref	A		75	75	1.0	52.906666666666666	58.84	33	42						false										
ON023025.1	3075	REF	ref	G		76	76	1.0	52.94736842105263	58.85526315789474	34	42						false										
ON023025.1	3076	REF	ref	C		75	75	1.0	52.906666666666666	58.84	33	42						false										
ON023025.1	3077	REF	ref	C		76	76	1.0	52.526315789473685	58.85526315789474	34	42						false										
ON023025.1	3078	REF	ref	A		76	76	1.0	52.75	58.85526315789474	34	42						false										
ON023025.1	3079	REF	ref	A		76	76	1.0	51.921052631578945	58.85526315789474	34	42						false										
ON023025.1	3080	REF	ref	T		75	75	1.0	53.333333333333336	58.84	33	42						false										
ON023025.1	3081	REF	ref	T		57	57	1.0	43.92982456140351	60.0	23	34						false										
ON023025.1	3082	REF	ref	G		57	57	1.0	44.21052631578947	60.0	23	34						false										
ON023025.1	3083	REF	ref	G		57	57	1.0	43.92982456140351	60.0	23	34						false										
ON023025.1	3084	REF	ref	C		46	46	1.0	45.21739130434783	60.0	23	23						false										
ON023025.1	3085	REF	ref	T		46	46	1.0	45.21739130434783	60.0	23	23						false										
ON023025.1	3086	REF	ref	A		46	46	1.0	45.21739130434783	60.0	23	23						false										
ON023025.1	3087	REF	ref	A		46	46	1.0	45.21739130434783	60.0	23	23						false										
ON023025.1	3088	REF	ref	G		46	46	1.0	44.869565217391305	60.0	23	23						false										
ON023025.1	3089	REF	ref	C		45	45	1.0	45.333333333333336	60.0	22	23						false										
ON023025.1	3090	REF	ref	T		46	46	1.0	45.21739130434783	60.0	23	23						false										
ON023025.1	3091	REF	ref	G		46	46	1.0	44.869565217391305	60.0	23	23						false										
ON023025.1	3092	REF	ref	G		46	46	1.0	45.21739130434783	60.0	23	23						false										
ON023025.1	3093	REF	ref	G		46	46	1.0	44.869565217391305	60.0	23	23						false										
ON023025.1	3094	REF	ref	A		46	46	1.0	44.869565217391305	60.0	23	23						false										
ON023025.1	3095	REF	ref	A		46	46	1.0	45.21739130434783	60.0	23	23						false										
ON023025.1	3096	REF	ref	T		46	46	1.0	45.21739130434783	60.0	23	23						false										
ON023025.1	3097	REF	ref	A		46	46	1.0	45.21739130434783	60.0	23	23						false										
ON023025.1	3098	REF	ref	A		46	46	1.0	45.21739130434783	60.0	23	23						false										
ON023025.1	3099	REF	ref	A		46	46	1.0	40.0	60.0	21	25						false										
ON023025.1	3100	REF	ref	C		46	0	0.0			0	0						false										
ON023025.1	3100	SNV	alt	C	T	46	46	1.0	40.0	60.0	0	0	21	25	1.0	Ts		true	VP1	gene-VP1	+	AAC	AAT	N	N	166	3	synonymous
ON023025.1	3101	REF	ref	C		46	46	1.0	40.0	60.0	21	25						false										
ON023025.1	3102	REF	ref	C		46	46	1.0	40.0	60.0	21	25						false										
ON023025.1	3103	REF	ref	A		46	46	1.0	40.0	60.0	21	25						false										
ON023025.1	3104	REF	ref	T		46	46	1.0	40.0	60.0	21	25						false										
ON023025.1	3105	REF	ref	A		46	46	1.0	40.0	60.0	21	25						false										
ON023025.1	3106	REF	ref	T		46	46	1.0	40.0	60.0	21	25						false										
ON023025.1	3107	REF	ref	A		46	46	1.0	40.0	60.0	21	25						false										
ON023025.1	3108	REF	ref	C		46	46	1.0	40.0	60.0	21	25						false										
ON023025.1	3109	REF	ref	T		46	0	0.0			0	0						false										
ON023025.1	3109	SNV	alt	T	A	46	46	1.0	40.0	60.0	0	0	21	25	1.0	Tv		true	VP1	gene-VP1	+	ACT	ACA	T	T	169	3	synonymous
ON023025.1	3110	REF	ref	C		46	46	1.0	40.0	60.0	21	25						false										
ON023025.1	3111	REF	ref	A		46	46	1.0	40.0	60.0	21	25						false										
ON023025.1	3112	REF	ref	T		46	46	1.0	40.0	60.0	21	25						false										
ON023025.1	3113	REF	ref	T		46	46	1.0	40.0	60.0	21	25						false										
ON023025.1	3114	REF	ref	G		46	46	1.0	39.65217391304348	60.0	21	25						false										
ON023025.1	3115	REF	ref	G		46	46	1.0	40.0	60.0	21	25						false										
ON023025.1	3116	REF	ref	A		46	46	1.0	40.0	60.0	21	25						false										
ON023025.1	3117	REF	ref	C		46	46	1.0	40.0	60.0	21	25						false										
ON023025.1	3118	REF	ref	T		46	46	1.0	40.0	60.0	21	25						false										
ON023025.1	3119	REF	ref	G		36	36	1.0	40.0	60.0	21	15						false										
ON023025.1	3120	REF	ref	T		36	36	1.0	40.0	60.0	21	15						false										
ON023025.1	3121	REF	ref	A		36	36	1.0	40.0	60.0	21	15						false										
ON023025.1	3122	REF	ref	G		36	36	1.0	39.55555555555556	60.0	21	15						false										
ON023025.1	3123	REF	ref	C		36	36	1.0	40.0	60.0	21	15						false										
ON023025.1	3124	REF	ref	A		37	37	1.0	40.0	60.0	22	15						false										
ON023025.1	3125	REF	ref	G		37	37	1.0	40.0	60.0	22	15						false										
ON023025.1	3126	REF	ref	A		37	37	1.0	40.0	60.0	22	15						false										
ON023025.1	3127	REF	ref	T		37	37	1.0	40.0	60.0	22	15						false										
ON023025.1	3128	REF	ref	G		37	37	1.0	39.567567567567565	60.0	22	15						false										
ON023025.1	3129	REF	ref	A		37	37	1.0	39.567567567567565	60.0	22	15						false										
ON023025.1	3130	REF	ref	G		37	37	1.0	40.0	60.0	22	15						false										
ON023025.1	3131	REF	ref	G		37	37	1.0	39.567567567567565	60.0	22	15						false										
ON023025.1	3132	REF	ref	A		37	37	1.0	40.0	60.0	22	15						false										
ON023025.1	3133	REF	ref	A		37	37	1.0	39.567567567567565	60.0	22	15						false										
ON023025.1	3134	REF	ref	C		37	37	1.0	40.0	60.0	22	15						false										
ON023025.1	3135	REF	ref	T		37	37	1.0	39.567567567567565	60.0	22	15						false										
ON023025.1	3136	REF	ref	G		37	37	1.0	39.567567567567565	60.0	22	15						false										
ON023025.1	3137	REF	ref	T		37	37	1.0	39.567567567567565	60.0	22	15						false										
ON023025.1	3138	REF	ref	T		37	37	1.0	40.0	60.0	22	15						false										
ON023025.1	3139	REF	ref	A		37	37	1.0	40.0	60.0	22	15						false										
ON023025.1	3140	REF	ref	A		36	36	1.0	40.0	60.0	21	15						false										
ON023025.1	3141	REF	ref	A		61	61	1.0	40.0	60.0	46	15						false										
ON023025.1	3142	REF	ref	A		60	60	1.0	40.0	60.0	45	15						false										
ON023025.1	3143	REF	ref	A		60	60	1.0	40.0	60.0	45	15						false										
ON023025.1	3144	REF	ref	A		60	60	1.0	39.733333333333334	60.0	45	15						false										
ON023025.1	3145	REF	ref	T		60	60	1.0	39.733333333333334	60.0	45	15						false										
ON023025.1	3146	REF	ref	A		61	61	1.0	40.0	60.0	46	15						false										
ON023025.1	3147	REF	ref	T		61	61	1.0	39.21311475409836	60.0	46	15						false										
ON023025.1	3148	REF	ref	A		60	60	1.0	40.0	60.0	45	15						false										
ON023025.1	3149	REF	ref	A		61	61	1.0	40.0	60.0	46	15						false										
ON023025.1	3150	REF	ref	A		61	61	1.0	40.0	60.0	46	15						false										
ON023025.1	3151	REF	ref	A		61	61	1.0	39.73770491803279	60.0	46	15						false										
ON023025.1	3152	REF	ref	A		61	61	1.0	39.73770491803279	60.0	46	15						false										
ON023025.1	3153	REF	ref	A		60	60	1.0	39.733333333333334	60.0	45	15						false										
ON023025.1	3154	REF	ref	T		61	61	1.0	39.73770491803279	60.0	46	15						false										
ON023025.1	3155	REF	ref	G		61	61	1.0	39.73770491803279	60.0	46	15						false										
ON023025.1	3156	REF	ref	A		61	61	1.0	40.0	60.0	46	15						false										
ON023025.1	3157	REF	ref	A		61	61	1.0	39.73770491803279	60.0	46	15						false										
ON023025.1	3158	REF	ref	A		60	60	1.0	39.733333333333334	60.0	45	15						false										
ON023025.1	3159	REF	ref	C		60	60	1.0	39.733333333333334	60.0	45	15						false										
ON023025.1	3160	REF	ref	T		60	60	1.0	40.0	60.0	45	15						false										
ON023025.1	3161	REF	ref	G		60	60	1.0	40.0	60.0	45	15						false										
ON023025.1	3162	REF	ref	G		60	60	1.0	39.733333333333334	60.0	45	15						false										
ON023025.1	3163	REF	ref	G		59	59	1.0	39.728813559322035	60.0	44	15						false										
ON023025.1	3164	REF	ref	T		54	54	1.0	39.7037037037037	60.0	45	9						false										
ON023025.1	3165	REF	ref	T		54	54	1.0	39.7037037037037	60.0	45	9						false										
ON023025.1	3166	REF	ref	T		54	54	1.0	39.7037037037037	60.0	45	9						false										
ON023025.1	3167	REF	ref	C		54	54	1.0	40.0	60.0	45	9						false										
ON023025.1	3168	REF	ref	A		53	53	1.0	40.0	60.0	44	9						false										
ON023025.1	3169	REF	ref	A		53	53	1.0	40.0	60.0	44	9						false										
ON023025.1	3170	REF	ref	G		53	53	1.0	39.698113207547166	60.0	44	9						false										
ON023025.1	3171	REF	ref	C		54	54	1.0	39.7037037037037	60.0	45	9						false										
ON023025.1	3172	REF	ref	A		54	54	1.0	39.407407407407405	60.0	45	9						false										
ON023025.1	3173	REF	ref	C		54	54	1.0	39.7037037037037	60.0	45	9						false										
ON023025.1	3174	REF	ref	A		54	54	1.0	40.0	60.0	45	9						false										
ON023025.1	3175	REF	ref	A		54	54	1.0	40.0	60.0	45	9						false										
ON023025.1	3176	REF	ref	G		53	53	1.0	39.698113207547166	60.0	44	9						false										
ON023025.1	3177	REF	ref	C		34	34	1.0	39.529411764705884	60.0	25	9						false										
ON023025.1	3178	REF	ref	A		34	34	1.0	40.0	60.0	25	9						false										
ON023025.1	3179	REF	ref	G		34	34	1.0	40.0	60.0	25	9						false										
ON023025.1	3180	REF	ref	T		34	34	1.0	40.0	60.0	25	9						false										
ON023025.1	3181	REF	ref	A		34	34	1.0	40.0	60.0	25	9						false										
ON023025.1	3182	REF	ref	A		34	34	1.0	39.529411764705884	60.0	25	9						false										
ON023025.1	3183	REF	ref	A		34	34	1.0	40.0	60.0	25	9						false										
ON023025.1	3184	REF	ref	A		34	34	1.0	40.0	60.0	25	9						false										
ON023025.1	3185	REF	ref	G		34	34	1.0	40.0	60.0	25	9						false										
ON023025.1	3186	REF	ref	A		34	34	1.0	39.529411764705884	60.0	25	9						false										
ON023025.1	3187	REF	ref	T		34	34	1.0	40.0	60.0	25	9						false										
ON023025.1	3188	REF	ref	T		34	34	1.0	39.529411764705884	60.0	25	9						false										
ON023025.1	3189	REF	ref	A		34	34	1.0	40.0	60.0	25	9						false										
ON023025.1	3190	REF	ref	C		34	34	1.0	40.0	60.0	25	9						false										
ON023025.1	3191	REF	ref	T		34	34	1.0	40.0	60.0	25	9						false										
ON023025.1	3192	REF	ref	T		25	25	1.0	40.0	60.0	25	0						false										
ON023025.1	3193	REF	ref	T		25	25	1.0	40.0	60.0	25	0						false										
ON023025.1	3194	REF	ref	A		25	25	1.0	39.36	60.0	25	0						false										
ON023025.1	3195	REF	ref	C		25	25	1.0	40.0	60.0	25	0						false										
ON023025.1	3196	REF	ref	T		25	25	1.0	40.0	60.0	25	0						false										
ON023025.1	3197	REF	ref	T		25	25	1.0	40.0	60.0	25	0						false										
ON023025.1	3198	REF	ref	T		25	25	1.0	40.0	60.0	25	0						false										
ON023025.1	3199	REF	ref	A		25	25	1.0	40.0	60.0	25	0						false										
ON023025.1	3200	REF	ref	A		24	24	1.0	40.0	60.0	24	0						false										
ON023025.1	3201	REF	ref	A		25	25	1.0	39.36	60.0	25	0						false										
ON023025.1	3202	REF	ref	A		24	24	1.0	40.0	60.0	24	0						false										
ON023025.1	3203	REF	ref	G		25	25	1.0	40.0	60.0	25	0						false										
ON023025.1	3204	REF	ref	G		25	25	1.0	39.36	60.0	25	0						false										
ON023025.1	3205	REF	ref	T		25	25	1.0	40.0	60.0	25	0						false										
ON023025.1	3206	REF	ref	G		25	25	1.0	40.0	60.0	25	0						false										
ON023025.1	3207	REF	ref	C		25	25	1.0	40.0	60.0	25	0						false										
ON023025.1	3208	REF	ref	A		25	25	1.0	39.36	60.0	25	0						false										
ON023025.1	3209	REF	ref	G		25	25	1.0	40.0	60.0	25	0						false										
ON023025.1	3210	REF	ref	C		25	25	1.0	40.0	60.0	25	0						false										
ON023025.1	3211	REF	ref	T		25	25	1.0	40.0	60.0	25	0						false										
ON023025.1	3212	REF	ref	G		25	25	1.0	40.0	60.0	25	0						false										
ON023025.1	3213	REF	ref	C		25	25	1.0	40.0	60.0	25	0						false										
ON023025.1	3214	REF	ref	C		25	25	1.0	38.72	60.0	25	0						false										
ON023025.1	3215	REF	ref	C		25	25	1.0	40.0	60.0	25	0						false										
ON023025.1	3216	REF	ref	C		25	25	1.0	39.36	60.0	25	0						false										
ON023025.1	3217	REF	ref	T		25	25	1.0	40.0	60.0	25	0						false										
ON023025.1	3218	REF	ref	G		25	25	1.0	40.0	60.0	25	0						false										
ON023025.1	3219	REF	ref	T		25	25	1.0	40.0	60.0	25	0						false										
ON023025.1	3220	REF	ref	G		25	25	1.0	39.36	60.0	25	0						false										
ON023025.1	3221	REF	ref	G		25	25	1.0	40.0	60.0	25	0						false										
ON023025.1	3222	REF	ref	C		25	25	1.0	40.0	60.0	25	0						false										
ON023025.1	3223	REF	ref	C		25	25	1.0	38.72	60.0	25	0						false										
ON023025.1	3224	REF	ref	C		25	25	1.0	40.0	60.0	25	0						false										
ON023025.1	3225	REF	ref	A		25	25	1.0	40.0	60.0	25	0						false										
ON023025.1	3226	REF	ref	T		25	25	1.0	40.0	60.0	25	0						false										
ON023025.1	3227	REF	ref	T		25	25	1.0	39.36	60.0	25	0						false										
ON023025.1	3228	REF	ref	T		25	24	0.96	40.0	60.0	24	0						false										
ON023025.1	3228	SNV	alt	T	C	25	1	0.04	40.0	60.0	24	0	1	0	1.0	Ts		true	VP1	gene-VP1	+	TTT	TCT	F	S	209	2	missense
ON023025.1	3229	REF	ref	T		25	25	1.0	39.36	60.0	25	0						false										
ON023025.1	3230	REF	ref	C		25	25	1.0	41.6	60.0	25	0						false										
ON023025.1	3231	REF	ref	A		24	24	1.0	41.666666666666664	60.0	24	0						false										
ON023025.1	3232	REF	ref	A		25	25	1.0	41.6	60.0	25	0						false										
ON023025.1	3233	REF	ref	G		24	24	1.0	41.666666666666664	60.0	24	0						false										
ON023025.1	3234	REF	ref	G		25	25	1.0	41.6	60.0	25	0						false										
ON023025.1	3235	REF	ref	A		25	25	1.0	41.6	60.0	25	0						false										
ON023025.1	3236	REF	ref	A		25	25	1.0	41.6	60.0	25	0						false										
ON023025.1	3237	REF	ref	G		25	25	1.0	41.6	60.0	25	0						false										
ON023025.1	3238	REF	ref	T		25	25	1.0	41.6	60.0	25	0						false										
ON023025.1	3239	REF	ref	T		26	26	1.0	40.92307692307692	60.0	25	1						false										
ON023025.1	3240	REF	ref	T		26	26	1.0	41.53846153846154	60.0	25	1						false										
ON023025.1	3241	REF	ref	G		31	31	1.0	41.29032258064516	60.0	31	0						false										
ON023025.1	3242	REF	ref	C		32	32	1.0	40.75	60.0	31	1						false										
ON023025.1	3243	REF	ref	C		32	32	1.0	41.25	60.0	31	1						false										
ON023025.1	3244	REF	ref	G		32	32	1.0	40.25	60.0	31	1						false										
ON023025.1	3245	REF	ref	G		32	32	1.0	41.25	60.0	31	1						false										
ON023025.1	3246	REF	ref	A		32	32	1.0	40.75	60.0	31	1						false										
ON023025.1	3247	REF	ref	A		31	31	1.0	40.774193548387096	60.0	30	1						false										
ON023025.1	3248	REF	ref	G		32	32	1.0	41.25	60.0	31	1						false										
ON023025.1	3249	REF	ref	T		32	32	1.0	41.25	60.0	31	1						false										
ON023025.1	3250	REF	ref	T		32	32	1.0	41.25	60.0	31	1						false										
ON023025.1	3251	REF	ref	C		32	32	1.0	41.25	60.0	31	1						false										
ON023025.1	3252	REF	ref	C		32	32	1.0	41.25	60.0	31	1						false										
ON023025.1	3253	REF	ref	C		32	32	1.0	40.25	60.0	31	1						false										
ON023025.1	3254	REF	ref	G		31	31	1.0	40.774193548387096	60.0	31	0						false										
ON023025.1	3255	REF	ref	C		32	32	1.0	41.25	60.0	31	1						false										
ON023025.1	3256	REF	ref	A		32	32	1.0	41.25	60.0	31	1						false										
ON023025.1	3257	REF	ref	T		32	32	1.0	41.25	60.0	31	1						false										
ON023025.1	3258	REF	ref	A		32	32	1.0	40.75	60.0	31	1						false										
ON023025.1	3259	REF	ref	C		52	52	1.0	40.15384615384615	60.0	31	21						false										
ON023025.1	3260	REF	ref	A		52	52	1.0	40.46153846153846	60.0	31	21						false										
ON023025.1	3261	REF	ref	A		52	52	1.0	40.46153846153846	60.0	31	21						false										
ON023025.1	3262	REF	ref	C		52	52	1.0	40.76923076923077	60.0	31	21						false										
ON023025.1	3263	REF	ref	G		52	51	0.9807692307692307	45.1764705882353	59.76470588235294	27	24						false										
ON023025.1	3263	SNV	alt	G	C	52	1	0.019230769230769232	40.0	60.0	27	24	0	1	0.4807692307692045	Tv		true	VP1	gene-VP1	+	GCC	CCC	A	P	221	1	missense
ON023025.1	3264	REF	ref	C		59	59	1.0	44.20338983050848	59.79661016949152	34	25						false										
ON023025.1	3265	REF	ref	C		59	59	1.0	43.40677966101695	59.79661016949152	34	25						false										
ON023025.1	3266	REF	ref	T		59	59	1.0	43.932203389830505	59.79661016949152	34	25						false										
ON023025.1	3267	REF	ref	C		59	59	1.0	44.47457627118644	59.79661016949152	34	25						false										
ON023025.1	3268	REF	ref	A		59	59	1.0	43.932203389830505	59.79661016949152	34	25						false										
ON023025.1	3269	REF	ref	G		59	59	1.0	43.932203389830505	59.79661016949152	34	25						false										
ON023025.1	3270	REF	ref	A		59	59	1.0	43.94915254237288	59.79661016949152	34	25						false										
ON023025.1	3271	REF	ref	A		59	59	1.0	43.94915254237288	59.79661016949152	34	25						false										
ON023025.1	3272	REF	ref	A		59	59	1.0	44.220338983050844	59.79661016949152	34	25						false										
ON023025.1	3273	REF	ref	A		59	59	1.0	43.66101694915254	59.79661016949152	34	25						false										
ON023025.1	3274	REF	ref	G		59	59	1.0	43.67796610169491	59.79661016949152	34	25						false										
ON023025.1	3275	REF	ref	T		59	59	1.0	43.79661016949152	59.79661016949152	33	26						false										
ON023025.1	3276	REF	ref	A		59	59	1.0	43.54237288135593	59.79661016949152	33	26						false										
ON023025.1	3277	REF	ref	C		59	59	1.0	43.52542372881356	59.79661016949152	33	26						false										
ON023025.1	3278	REF	ref	C		59	59	1.0	43.52542372881356	59.79661016949152	33	26						false										
ON023025.1	3279	REF	ref	C		59	59	1.0	43.271186440677965	59.79661016949152	33	26						false										
ON023025.1	3280	REF	ref	A		58	58	1.0	43.58620689655172	59.793103448275865	32	26						false										
ON023025.1	3281	REF	ref	A		59	59	1.0	43.0	59.79661016949152	33	26						false										
ON023025.1	3282	REF	ref	G		59	59	1.0	43.0	59.79661016949152	33	26						false										
ON023025.1	3283	REF	ref	C		59	59	1.0	42.983050847457626	59.79661016949152	33	26						false										
ON023025.1	3284	REF	ref	A		58	58	1.0	43.327586206896555	59.793103448275865	32	26						false										
ON023025.1	3285	REF	ref	T		59	59	1.0	43.52542372881356	59.79661016949152	33	26						false										
ON023025.1	3286	REF	ref	G		57	57	1.0	42.94736842105263	59.89473684210526	32	25						false										
ON023025.1	3287	REF	ref	A		59	59	1.0	43.54237288135593	59.79661016949152	33	26						false										
ON023025.1	3288	REF	ref	C		58	58	1.0	42.5	59.793103448275865	32	26						false										
ON023025.1	3289	REF	ref	T		58	58	1.0	43.05172413793103	59.793103448275865	32	26						false										
ON023025.1	3290	REF	ref	T		58	58	1.0	43.86206896551724	59.793103448275865	32	26						false										
ON023025.1	3291	REF	ref	C		58	58	1.0	43.310344827586206	59.793103448275865	32	26						false										
ON023025.1	3292	REF	ref	A		34	34	1.0	45.88235294117647	59.8235294117647	9	25						false										
ON023025.1	3293	REF	ref	G		35	35	1.0	45.51428571428571	59.65714285714286	9	26						false										
ON023025.1	3294	REF	ref	T		35	35	1.0	45.51428571428571	59.65714285714286	9	26						false										
ON023025.1	3295	REF	ref	T		35	35	1.0	46.4	59.65714285714286	9	26						false										
ON023025.1	3296	REF	ref	A		35	35	1.0	45.94285714285714	59.65714285714286	9	26						false										
ON023025.1	3297	REF	ref	A		35	35	1.0	45.51428571428571	59.65714285714286	9	26						false										
ON023025.1	3298	REF	ref	T		35	35	1.0	45.94285714285714	59.65714285714286	9	26						false										
ON023025.1	3299	REF	ref	T		35	35	1.0	45.97142857142857	59.65714285714286	9	26						false										
ON023025.1	3300	REF	ref	C		35	35	1.0	45.94285714285714	59.65714285714286	9	26						false										
ON023025.1	3301	REF	ref	T		35	35	1.0	45.05714285714286	59.65714285714286	9	26						false										
ON023025.1	3302	REF	ref	G		35	35	1.0	45.97142857142857	59.65714285714286	9	26						false										
ON023025.1	3303	REF	ref	C		35	35	1.0	45.94285714285714	59.65714285714286	9	26						false										
ON023025.1	3304	REF	ref	A		35	35	1.0	46.4	59.65714285714286	9	26						false										
ON023025.1	3305	REF	ref	G		34	34	1.0	45.6764705882353	59.64705882352941	9	25						false										
ON023025.1	3306	REF	ref	A		35	35	1.0	45.51428571428571	59.65714285714286	9	26						false										
ON023025.1	3307	REF	ref	A		35	35	1.0	45.51428571428571	59.65714285714286	9	26						false										
ON023025.1	3308	REF	ref	G		35	35	1.0	46.857142857142854	59.65714285714286	9	26						false										
ON023025.1	3309	REF	ref	C		35	35	1.0	46.4	59.65714285714286	9	26						false										
ON023025.1	3310	REF	ref	C		34	34	1.0	46.14705882352941	59.64705882352941	9	25						false										
ON023025.1	3311	REF	ref	A		35	35	1.0	45.94285714285714	59.65714285714286	9	26						false										
ON023025.1	3312	REF	ref	G		35	35	1.0	45.48571428571429	59.65714285714286	9	26						false										
ON023025.1	3313	REF	ref	C		35	35	1.0	45.94285714285714	59.65714285714286	9	26						false										
ON023025.1	3314	REF	ref	A		35	35	1.0	46.857142857142854	59.65714285714286	9	26						false										
ON023025.1	3315	REF	ref	C		35	35	1.0	46.4	59.65714285714286	9	26						false										
ON023025.1	3316	REF	ref	T		35	35	1.0	45.94285714285714	59.65714285714286	9	26						false										
ON023025.1	3317	REF	ref	G		35	35	1.0	46.4	59.65714285714286	9	26						false										
ON023025.1	3318	REF	ref	G		35	35	1.0	46.857142857142854	59.65714285714286	9	26						false										
ON023025.1	3319	REF	ref	T		35	35	1.0	45.05714285714286	59.65714285714286	9	26						false										
ON023025.1	3320	REF	ref	G		35	35	1.0	46.4	59.65714285714286	9	26						false										
ON023025.1	3321	REF	ref	C		35	35	1.0	45.97142857142857	59.65714285714286	9	26						false										
ON023025.1	3322	REF	ref	A		35	35	1.0	46.4	59.65714285714286	9	26						false										
ON023025.1	3323	REF	ref	G		35	35	1.0	45.94285714285714	59.65714285714286	9	26						false										
ON023025.1	3324	REF	ref	G		34	34	1.0	45.88235294117647	59.8235294117647	9	25						false										
ON023025.1	3325	REF	ref	A		35	35	1.0	45.94285714285714	59.65714285714286	9	26						false										
ON023025.1	3326	REF	ref	G		34	34	1.0	46.11764705882353	59.64705882352941	9	25						false										
ON023025.1	3327	REF	ref	G		35	35	1.0	46.4	59.65714285714286	9	26						false										
ON023025.1	3328	REF	ref	G		35	35	1.0	46.857142857142854	59.65714285714286	9	26						false										
ON023025.1	3329	REF	ref	G		35	35	1.0	45.48571428571429	59.65714285714286	9	26						false										
ON023025.1	3330	REF	ref	G		35	35	1.0	46.4	59.65714285714286	9	26						false										
ON023025.1	3331	REF	ref	A		35	35	1.0	46.4	59.65714285714286	9	26						false										
ON023025.1	3332	REF	ref	G		35	35	1.0	46.4	59.65714285714286	9	26						false										
ON023025.1	3333	REF	ref	G		35	35	1.0	45.51428571428571	59.65714285714286	9	26						false										
ON023025.1	3334	REF	ref	C		35	35	1.0	45.94285714285714	59.65714285714286	9	26						false										
ON023025.1	3335	REF	ref	A		35	35	1.0	46.857142857142854	59.65714285714286	9	26						false										
ON023025.1	3336	REF	ref	G		35	35	1.0	46.857142857142854	59.65714285714286	9	26						false										
ON023025.1	3337	REF	ref	T		35	35	1.0	45.51428571428571	59.65714285714286	9	26						false										
ON023025.1	3338	REF	ref	A		35	35	1.0	45.94285714285714	59.65714285714286	9	26						false										
ON023025.1	3339	REF	ref	A		35	35	1.0	46.4	59.65714285714286	9	26						false										
ON023025.1	3340	REF	ref	T		35	35	1.0	46.4	59.65714285714286	9	26						false										
ON023025.1	3341	REF	ref	C		35	35	1.0	46.4	59.65714285714286	9	26						false										
ON023025.1	3342	REF	ref	C		35	35	1.0	45.94285714285714	59.65714285714286	9	26						false										
ON023025.1	3343	REF	ref	T		59	59	1.0	42.74576271186441	59.79661016949152	9	50						false										
ON023025.1	3344	REF	ref	G		59	58	0.9830508474576272	44.13793103448276	59.793103448275865	9	49						false										
ON023025.1	3344	SNV	alt	G	A	59	1	0.01694915254237288	40.0	60.0	9	49	0	1	0.9999999999999997	Ts		true	VP1	gene-VP1	+	GTC	ATC	V	I	248	1	missense
ON023025.1	3344	SNV	alt	G	A	59	1	0.01694915254237288	40.0	60.0	9	49	0	1	0.9999999999999997	Ts		true	VP2	gene-VP2	+	GTC	ATC	V	I	21	1	missense
ON023025.1	3345	REF	ref	T		58	58	1.0	43.86206896551724	59.793103448275865	9	49						false										
ON023025.1	3346	REF	ref	C		59	59	1.0	43.25423728813559	59.79661016949152	9	50						false										
ON023025.1	3347	REF	ref	A		59	59	1.0	43.79661016949152	59.79661016949152	9	50						false										
ON023025.1	3348	REF	ref	A		59	59	1.0	43.54237288135593	59.79661016949152	9	50						false										
ON023025.1	3349	REF	ref	A		59	59	1.0	43.79661016949152	59.79661016949152	9	50						false										
ON023025.1	3350	REF	ref	A		59	59	1.0	45.559322033898304	59.79661016949152	7	52						false										
ON023025.1	3351	REF	ref	G		59	59	1.0	48.271186440677965	59.79661016949152	5	54						false										
ON023025.1	3352	REF	ref	C		59	59	1.0	48.271186440677965	59.79661016949152	5	54						false										
ON023025.1	3353	REF	ref	A		59	59	1.0	48.54237288135593	59.79661016949152	5	54						false										
ON023025.1	3354	REF	ref	T		59	59	1.0	48.28813559322034	59.79661016949152	5	54						false										
ON023025.1	3355	REF	ref	G		59	59	1.0	48.54237288135593	59.79661016949152	5	54						false										
ON023025.1	3356	REF	ref	T		68	68	1.0	47.64705882352941	59.8235294117647	14	54						false										
ON023025.1	3357	REF	ref	G		68	68	1.0	47.1764705882353	59.8235294117647	14	54						false										
ON023025.1	3358	REF	ref	G		68	68	1.0	46.720588235294116	59.8235294117647	14	54						false										
ON023025.1	3359	REF	ref	A		68	68	1.0	47.411764705882355	59.8235294117647	14	54						false										
ON023025.1	3360	REF	ref	G		68	68	1.0	47.411764705882355	59.8235294117647	14	54						false										
ON023025.1	3361	REF	ref	T		68	68	1.0	47.1764705882353	59.8235294117647	14	54						false										
ON023025.1	3362	REF	ref	G		68	68	1.0	47.1764705882353	59.8235294117647	14	54						false										
ON023025.1	3363	REF	ref	A		68	68	1.0	47.411764705882355	59.8235294117647	14	54						false										
ON023025.1	3364	REF	ref	G		68	68	1.0	45.779411764705884	59.8235294117647	14	54						false										
ON023025.1	3365	REF	ref	G		68	68	1.0	46.705882352941174	59.8235294117647	14	54						false										
ON023025.1	3366	REF	ref	G		68	68	1.0	47.64705882352941	59.8235294117647	14	54						false										
ON023025.1	3367	REF	ref	G		68	68	1.0	46.94117647058823	59.8235294117647	14	54						false										
ON023025.1	3368	REF	ref	G		68	68	1.0	47.64705882352941	59.8235294117647	14	54						false										
ON023025.1	3369	REF	ref	C		68	68	1.0	47.64705882352941	59.8235294117647	14	54						false										
ON023025.1	3370	REF	ref	C		68	68	1.0	47.411764705882355	59.8235294117647	14	54						false										
ON023025.1	3371	REF	ref	A		68	68	1.0	47.64705882352941	59.8235294117647	14	54						false										
ON023025.1	3372	REF	ref	C		68	68	1.0	47.411764705882355	59.8235294117647	14	54						false										
ON023025.1	3373	REF	ref	T		68	68	1.0	46.955882352941174	59.8235294117647	14	54						false										
ON023025.1	3374	REF	ref	T		68	68	1.0	47.411764705882355	59.8235294117647	14	54						false										
ON023025.1	3375	REF	ref	T		68	68	1.0	46.94117647058823	59.8235294117647	14	54						false										
ON023025.1	3376	REF	ref	T		68	68	1.0	46.720588235294116	59.8235294117647	14	54						false										
ON023025.1	3377	REF	ref	A		68	68	1.0	47.411764705882355	59.8235294117647	14	54						false										
ON023025.1	3378	REF	ref	C		68	68	1.0	47.411764705882355	59.8235294117647	14	54						false										
ON023025.1	3379	REF	ref	T		68	68	1.0	47.411764705882355	59.8235294117647	14	54						false										
ON023025.1	3380	REF	ref	G		74	74	1.0	46.810810810810814	59.83783783783784	20	54						false										
ON023025.1	3381	REF	ref	C		73	73	1.0	46.26027397260274	59.83561643835616	20	53						false										
ON023025.1	3382	REF	ref	C		73	73	1.0	46.02739726027397	59.83561643835616	20	53						false										
ON023025.1	3383	REF	ref	A		73	73	1.0	47.12328767123287	59.83561643835616	20	53						false										
ON023025.1	3384	REF	ref	A		73	73	1.0	46.9041095890411	59.83561643835616	20	53						false										
ON023025.1	3385	REF	ref	T		73	0	0.0			0	0						false										
ON023025.1	3385	SNV	alt	T	C	73	73	1.0	46.68493150684932	59.83561643835616	0	0	20	53	1.0	Ts		true	VP1	gene-VP1	+	AAT	AAC	N	N	261	3	synonymous
ON023025.1	3385	SNV	alt	T	C	73	73	1.0	46.68493150684932	59.83561643835616	0	0	20	53	1.0	Ts		true	VP2	gene-VP2	+	AAT	AAC	N	N	34	3	synonymous
ON023025.1	3386	REF	ref	T		73	73	1.0	47.12328767123287	59.83561643835616	20	53						false										
ON023025.1	3387	REF	ref	C		73	73	1.0	46.9041095890411	59.83561643835616	20	53						false										
ON023025.1	3388	REF	ref	T		73	73	1.0	47.12328767123287	59.83561643835616	20	53						false										
ON023025.1	3389	REF	ref	G		73	72	0.9863013698630136	47.0	59.833333333333336	20	52						false										
ON023025.1	3389	SNV	alt	G	A	73	1	0.0136986301369863	40.0	60.0	20	52	0	1	0.9999999999999347	Ts		true	VP1	gene-VP1	+	GTA	ATA	V	I	263	1	missense
ON023025.1	3389	SNV	alt	G	A	73	1	0.0136986301369863	40.0	60.0	20	52	0	1	0.9999999999999347	Ts		true	VP2	gene-VP2	+	GTA	ATA	V	I	36	1	missense
ON023025.1	3390	REF	ref	T		72	72	1.0	46.77777777777778	59.833333333333336	20	52						false										
ON023025.1	3391	REF	ref	A		72	72	1.0	46.77777777777778	59.833333333333336	20	52						false										
ON023025.1	3392	REF	ref	A		72	72	1.0	43.888888888888886	59.77777777777778	18	54						false										
ON023025.1	3393	REF	ref	C		72	72	1.0	43.22222222222222	59.77777777777778	18	54						false										
ON023025.1	3394	REF	ref	C		72	0	0.0			0	0						false										
ON023025.1	3394	SNV	alt	C	T	72	72	1.0	43.44444444444444	59.77777777777778	0	0	18	54	1.0	Ts		true	VP1	gene-VP1	+	ACC	ACT	T	T	264	3	synonymous
ON023025.1	3394	SNV	alt	C	T	72	72	1.0	43.44444444444444	59.77777777777778	0	0	18	54	1.0	Ts		true	VP2	gene-VP2	+	ACC	ACT	T	T	37	3	synonymous
ON023025.1	3395	REF	ref	T		71	71	1.0	43.71830985915493	59.774647887323944	18	53						false										
ON023025.1	3396	REF	ref	G		72	72	1.0	43.888888888888886	59.77777777777778	18	54						false										
ON023025.1	3397	REF	ref	T		71	71	1.0	43.71830985915493	59.774647887323944	18	53						false										
ON023025.1	3398	REF	ref	A		72	72	1.0	43.666666666666664	59.77777777777778	18	54						false										
ON023025.1	3399	REF	ref	C		71	71	1.0	43.943661971830984	59.859154929577464	18	53						false										
ON023025.1	3400	REF	ref	A		72	72	1.0	43.888888888888886	59.77777777777778	18	54						false										
ON023025.1	3401	REF	ref	T		71	71	1.0	43.943661971830984	59.859154929577464	18	53						false										
ON023025.1	3402	REF	ref	T		72	72	1.0	43.666666666666664	59.77777777777778	18	54						false										
ON023025.1	3403	REF	ref	T		72	72	1.0	43.666666666666664	59.77777777777778	18	54						false										
ON023025.1	3404	REF	ref	T		71	71	1.0	43.71830985915493	59.774647887323944	18	53						false										
ON023025.1	3405	REF	ref	C		72	72	1.0	43.44444444444444	59.77777777777778	18	54						false										
ON023025.1	3406	REF	ref	C		72	72	1.0	43.666666666666664	59.77777777777778	18	54						false										
ON023025.1	3407	REF	ref	A		72	72	1.0	43.44444444444444	59.77777777777778	18	54						false										
ON023025.1	3408	REF	ref	G		83	83	1.0	43.18072289156626	59.80722891566265	29	54						false										
ON023025.1	3409	REF	ref	A		83	83	1.0	42.795180722891565	59.80722891566265	29	54						false										
ON023025.1	3410	REF	ref	C		63	63	1.0	44.19047619047619	59.74603174603175	29	34						false										
ON023025.1	3411	REF	ref	A		63	63	1.0	44.19047619047619	59.74603174603175	29	34						false										
ON023025.1	3412	REF	ref	G		63	63	1.0	44.44444444444444	59.74603174603175	29	34						false										
ON023025.1	3413	REF	ref	T		63	63	1.0	44.44444444444444	59.74603174603175	29	34						false										
ON023025.1	3414	REF	ref	T		57	57	1.0	44.91228070175438	60.0	29	28						false										
ON023025.1	3415	REF	ref	T		57	57	1.0	40.0	60.0	26	31						false										
ON023025.1	3416	REF	ref	T		57	57	1.0	40.0	60.0	26	31						false										
ON023025.1	3417	REF	ref	T		57	57	1.0	39.719298245614034	60.0	26	31						false										
ON023025.1	3418	REF	ref	A		57	57	1.0	40.0	60.0	26	31						false										
ON023025.1	3419	REF	ref	A		57	57	1.0	39.719298245614034	60.0	26	31						false										
ON023025.1	3420	REF	ref	T		57	57	1.0	39.43859649122807	60.0	26	31						false										
ON023025.1	3421	REF	ref	T		57	57	1.0	40.0	60.0	26	31						false										
ON023025.1	3422	REF	ref	C		57	57	1.0	40.0	60.0	26	31						false										
ON023025.1	3423	REF	ref	C		57	57	1.0	40.0	60.0	26	31						false										
ON023025.1	3424	REF	ref	A		57	57	1.0	40.0	60.0	26	31						false										
ON023025.1	3425	REF	ref	T		57	57	1.0	40.0	60.0	26	31						false										
ON023025.1	3426	REF	ref	A		57	57	1.0	40.0	60.0	26	31						false										
ON023025.1	3427	REF	ref	T		56	56	1.0	39.714285714285715	60.0	26	30						false										
ON023025.1	3428	REF	ref	G		57	57	1.0	40.0	60.0	26	31						false										
ON023025.1	3429	REF	ref	A		57	57	1.0	39.719298245614034	60.0	26	31						false										
ON023025.1	3430	REF	ref	C		57	57	1.0	39.719298245614034	60.0	26	31						false										
ON023025.1	3431	REF	ref	C		57	57	1.0	40.0	60.0	26	31						false										
ON023025.1	3432	REF	ref	C		57	57	1.0	40.0	60.0	26	31						false										
ON023025.1	3433	REF	ref	A		57	57	1.0	40.0	60.0	26	31						false										
ON023025.1	3434	REF	ref	G		57	57	1.0	39.719298245614034	60.0	26	31						false										
ON023025.1	3435	REF	ref	A		57	57	1.0	40.0	60.0	26	31						false										
ON023025.1	3436	REF	ref	G		56	56	1.0	40.0	60.0	25	31						false										
ON023025.1	3437	REF	ref	C		57	57	1.0	39.719298245614034	60.0	26	31						false										
ON023025.1	3438	REF	ref	A		57	57	1.0	40.0	60.0	26	31						false										
ON023025.1	3439	REF	ref	C		57	57	1.0	39.719298245614034	60.0	26	31						false										
ON023025.1	3440	REF	ref	C		57	57	1.0	39.719298245614034	60.0	26	31						false										
ON023025.1	3441	REF	ref	A		57	57	1.0	40.0	60.0	26	31						false										
ON023025.1	3442	REF	ref	T		57	57	1.0	40.0	60.0	26	31						false										
ON023025.1	3443	REF	ref	T		57	57	1.0	40.0	60.0	26	31						false										
ON023025.1	3444	REF	ref	A		57	57	1.0	39.719298245614034	60.0	26	31						false										
ON023025.1	3445	REF	ref	C		57	0	0.0			0	0						false										
ON023025.1	3445	SNV	alt	C	T	57	57	1.0	40.0	60.0	0	0	26	31	1.0	Ts		true	VP1	gene-VP1	+	TAC	TAT	Y	Y	281	3	synonymous
ON023025.1	3445	SNV	alt	C	T	57	57	1.0	40.0	60.0	0	0	26	31	1.0	Ts		true	VP2	gene-VP2	+	TAC	TAT	Y	Y	54	3	synonymous
ON023025.1	3446	REF	ref	A		57	57	1.0	40.0	60.0	26	31						false										
ON023025.1	3447	REF	ref	A		57	57	1.0	40.0	60.0	26	31						false										
ON023025.1	3448	REF	ref	A		57	57	1.0	40.0	60.0	26	31						false										
ON023025.1	3449	REF	ref	G		57	57	1.0	40.0	60.0	26	31						false										
ON023025.1	3450	REF	ref	T		57	57	1.0	40.0	60.0	26	31						false										
ON023025.1	3451	REF	ref	G		57	57	1.0	39.719298245614034	60.0	26	31						false										
ON023025.1	3452	REF	ref	T		57	57	1.0	39.719298245614034	60.0	26	31						false										
ON023025.1	3453	REF	ref	T		57	57	1.0	40.0	60.0	26	31						false										
ON023025.1	3454	REF	ref	T		57	57	1.0	39.719298245614034	60.0	26	31						false										
ON023025.1	3455	REF	ref	T		57	57	1.0	40.0	60.0	26	31						false										
ON023025.1	3456	REF	ref	C		57	57	1.0	40.0	60.0	26	31						false										
ON023025.1	3457	REF	ref	T		56	56	1.0	40.0	60.0	26	30						false										
ON023025.1	3458	REF	ref	C		57	57	1.0	40.0	60.0	26	31						false										
ON023025.1	3459	REF	ref	C		57	57	1.0	40.0	60.0	26	31						false										
ON023025.1	3460	REF	ref	C		57	57	1.0	39.719298245614034	60.0	26	31						false										
ON023025.1	3461	REF	ref	G		57	57	1.0	40.0	60.0	26	31						false										
ON023025.1	3462	REF	ref	C		57	57	1.0	40.0	60.0	26	31						false										
ON023025.1	3463	REF	ref	A		57	57	1.0	39.719298245614034	60.0	26	31						false										
ON023025.1	3464	REF	ref	G		57	57	1.0	40.0	60.0	26	31						false										
ON023025.1	3465	REF	ref	C		57	57	1.0	39.43859649122807	60.0	26	31						false										
ON023025.1	3466	REF	ref	T		57	57	1.0	40.0	60.0	26	31						false										
ON023025.1	3467	REF	ref	A		57	57	1.0	39.719298245614034	60.0	26	31						false										
ON023025.1	3468	REF	ref	G		57	57	1.0	39.719298245614034	60.0	26	31						false										
ON023025.1	3469	REF	ref	T		57	57	1.0	40.0	60.0	26	31						false										
ON023025.1	3470	REF	ref	A		57	57	1.0	40.0	60.0	26	31						false										
ON023025.1	3471	REF	ref	G		57	57	1.0	40.0	60.0	26	31						false										
ON023025.1	3472	REF	ref	C		57	57	1.0	40.0	60.0	26	31						false										
ON023025.1	3473	REF	ref	T		57	57	1.0	40.0	60.0	26	31						false										
ON023025.1	3474	REF	ref	G		57	57	1.0	40.0	60.0	26	31						false										
ON023025.1	3475	REF	ref	C		57	57	1.0	40.0	60.0	26	31						false										
ON023025.1	3476	REF	ref	C		57	57	1.0	40.0	60.0	26	31						false										
ON023025.1	3477	REF	ref	A		57	57	1.0	40.0	60.0	26	31						false										
ON023025.1	3478	REF	ref	T		57	57	1.0	40.0	60.0	26	31						false										
ON023025.1	3479	REF	ref	A		57	57	1.0	39.719298245614034	60.0	26	31						false										
ON023025.1	3480	REF	ref	A		57	57	1.0	40.0	60.0	26	31						false										
ON023025.1	3481	REF	ref	T		57	57	1.0	39.719298245614034	60.0	26	31						false										
ON023025.1	3482	REF	ref	G		57	57	1.0	39.719298245614034	60.0	26	31						false										
ON023025.1	3483	REF	ref	C		57	57	1.0	40.0	60.0	26	31						false										
ON023025.1	3484	REF	ref	C		57	0	0.0			0	0						false										
ON023025.1	3484	SNV	alt	C	T	57	57	1.0	40.0	60.0	0	0	26	31	1.0	Ts		true	VP1	gene-VP1	+	GCC	GCT	A	A	294	3	synonymous
ON023025.1	3484	SNV	alt	C	T	57	57	1.0	40.0	60.0	0	0	26	31	1.0	Ts		true	VP2	gene-VP2	+	GCC	GCT	A	A	67	3	synonymous
ON023025.1	3485	REF	ref	A		57	57	1.0	40.0	60.0	26	31						false										
ON023025.1	3486	REF	ref	G		57	57	1.0	39.719298245614034	60.0	26	31						false										
ON023025.1	3487	REF	ref	T		57	57	1.0	40.0	60.0	26	31						false										
ON023025.1	3488	REF	ref	G		57	57	1.0	40.0	60.0	26	31						false										
ON023025.1	3489	REF	ref	G		57	57	1.0	40.0	60.0	26	31						false										
ON023025.1	3490	REF	ref	A		57	0	0.0			0	0						false										
ON023025.1	3490	SNV	alt	A	G	57	57	1.0	40.0	60.0	0	0	26	31	1.0	Ts		true	VP1	gene-VP1	+	GGA	GGG	G	G	296	3	synonymous
ON023025.1	3490	SNV	alt	A	G	57	57	1.0	40.0	60.0	0	0	26	31	1.0	Ts		true	VP2	gene-VP2	+	GGA	GGG	G	G	69	3	synonymous
ON023025.1	3491	REF	ref	A		57	57	1.0	40.0	60.0	26	31						false										
ON023025.1	3492	REF	ref	A		57	57	1.0	39.719298245614034	60.0	26	31						false										
ON023025.1	3493	REF	ref	A		57	57	1.0	40.0	60.0	26	31						false										
ON023025.1	3494	REF	ref	G		33	33	1.0	40.0	60.0	26	7						false										
ON023025.1	3495	REF	ref	A		33	33	1.0	40.0	60.0	26	7						false										
ON023025.1	3496	REF	ref	G		33	0	0.0			0	0						false										
ON023025.1	3496	SNV	alt	G	A	33	33	1.0	40.0	60.0	0	0	26	7	1.0	Ts		true	VP1	gene-VP1	+	GAG	GAA	E	E	298	3	synonymous
ON023025.1	3496	SNV	alt	G	A	33	33	1.0	40.0	60.0	0	0	26	7	1.0	Ts		true	VP2	gene-VP2	+	GAG	GAA	E	E	71	3	synonymous
ON023025.1	3497	REF	ref	G		33	33	1.0	40.0	60.0	26	7						false										
ON023025.1	3498	REF	ref	C		33	33	1.0	40.0	60.0	26	7						false										
ON023025.1	3499	REF	ref	A		33	33	1.0	39.515151515151516	60.0	26	7						false										
ON023025.1	3500	REF	ref	A		33	33	1.0	40.0	60.0	26	7						false										
ON023025.1	3501	REF	ref	A		30	30	1.0	39.46666666666667	60.0	26	4						false										
ON023025.1	3502	REF	ref	G		26	26	1.0	39.38461538461539	60.0	26	0						false										
ON023025.1	3503	REF	ref	G		26	26	1.0	39.38461538461539	60.0	26	0						false										
ON023025.1	3504	REF	ref	T		26	26	1.0	40.0	60.0	26	0						false										
ON023025.1	3505	REF	ref	T		26	26	1.0	40.0	60.0	26	0						false										
ON023025.1	3506	REF	ref	T		26	26	1.0	40.0	60.0	26	0						false										
ON023025.1	3507	REF	ref	G		17	17	1.0	39.05882352941177	60.0	17	0						false										
ON023025.1	3508	REF	ref	C		17	17	1.0	40.0	60.0	17	0						false										
ON023025.1	3509	REF	ref	A		17	17	1.0	40.0	60.0	17	0						false										
ON023025.1	3510	REF	ref	C		17	17	1.0	38.11764705882353	60.0	17	0						false										
ON023025.1	3511	REF	ref	T		17	17	1.0	39.05882352941177	60.0	17	0						false										
ON023025.1	3512	REF	ref	A		17	17	1.0	40.0	60.0	17	0						false										
ON023025.1	3513	REF	ref	T		17	17	1.0	40.0	60.0	17	0						false										
ON023025.1	3514	REF	ref	T		17	17	1.0	40.0	60.0	17	0						false										
ON023025.1	3515	REF	ref	A		17	17	1.0	40.0	60.0	17	0						false										
ON023025.1	3516	REF	ref	G		17	17	1.0	40.0	60.0	17	0						false										
ON023025.1	3517	REF	ref	T		17	17	1.0	40.0	60.0	17	0						false										
ON023025.1	3518	REF	ref	C		17	17	1.0	40.0	60.0	17	0						false										
ON023025.1	3519	REF	ref	C		17	17	1.0	40.0	60.0	17	0						false										
ON023025.1	3520	REF	ref	C		17	17	1.0	40.0	60.0	17	0						false										
ON023025.1	3521	REF	ref	A		17	17	1.0	40.0	60.0	17	0						false										
ON023025.1	3522	REF	ref	T		17	17	1.0	40.0	60.0	17	0						false										
ON023025.1	3523	REF	ref	A		17	17	1.0	40.0	60.0	17	0						false										
ON023025.1	3524	REF	ref	A		17	17	1.0	39.05882352941177	60.0	17	0						false										
ON023025.1	3525	REF	ref	T		17	17	1.0	40.0	60.0	17	0						false										
ON023025.1	3526	REF	ref	G		16	16	1.0	40.0	60.0	16	0						false										
ON023025.1	3527	REF	ref	G		17	17	1.0	40.0	60.0	17	0						false										
ON023025.1	3528	REF	ref	G		17	17	1.0	40.0	60.0	17	0						false										
ON023025.1	3529	REF	ref	C		17	17	1.0	40.0	60.0	17	0						false										
ON023025.1	3530	REF	ref	T		17	17	1.0	39.05882352941177	60.0	17	0						false										
ON023025.1	3531	REF	ref	A		11	11	1.0	40.0	60.0	11	0						false										
ON023025.1	3532	REF	ref	C		11	11	1.0	40.0	60.0	11	0						false										
ON023025.1	3533	REF	ref	T		11	11	1.0	38.54545454545455	60.0	11	0						false										
ON023025.1	3534	REF	ref	C		17	17	1.0	39.05882352941177	60.0	11	6						false										
ON023025.1	3535	REF	ref	A		17	17	1.0	40.0	60.0	11	6						false										
ON023025.1	3536	REF	ref	A		17	17	1.0	39.05882352941177	60.0	11	6						false										
ON023025.1	3537	REF	ref	C		17	17	1.0	40.0	60.0	11	6						false										
ON023025.1	3538	REF	ref	A		16	16	1.0	40.0	60.0	11	5						false										
ON023025.1	3539	REF	ref	C		26	26	1.0	40.0	60.0	11	15						false										
ON023025.1	3540	REF	ref	C		26	26	1.0	40.0	60.0	11	15						false										
ON023025.1	3541	REF	ref	A		26	26	1.0	40.0	60.0	11	15						false										
ON023025.1	3542	REF	ref	T		26	26	1.0	40.0	60.0	11	15						false										
ON023025.1	3543	REF	ref	G		24	24	1.0	40.0	60.0	9	15						false										
ON023025.1	3544	REF	ref	G		26	26	1.0	38.76923076923077	60.0	11	15						false										
ON023025.1	3545	REF	ref	A		26	26	1.0	40.0	60.0	11	15						false										
ON023025.1	3546	REF	ref	G		26	26	1.0	40.0	60.0	11	15						false										
ON023025.1	3547	REF	ref	A		26	26	1.0	40.0	60.0	11	15						false										
ON023025.1	3548	REF	ref	T		26	26	1.0	39.38461538461539	60.0	11	15						false										
ON023025.1	3549	REF	ref	A		25	25	1.0	40.0	60.0	10	15						false										
ON023025.1	3550	REF	ref	C		26	26	1.0	40.0	60.0	11	15						false										
ON023025.1	3551	REF	ref	T		25	25	1.0	40.0	60.0	10	15						false										
ON023025.1	3552	REF	ref	T		26	26	1.0	40.0	60.0	11	15						false										
ON023025.1	3553	REF	ref	A		25	25	1.0	40.0	60.0	10	15						false										
ON023025.1	3554	REF	ref	G		26	26	1.0	39.38461538461539	60.0	11	15						false										
ON023025.1	3555	REF	ref	A		26	26	1.0	39.38461538461539	60.0	11	15						false										
ON023025.1	3556	REF	ref	C		25	25	1.0	40.0	60.0	10	15						false										
ON023025.1	3557	REF	ref	T		26	26	1.0	40.0	60.0	11	15						false										
ON023025.1	3558	REF	ref	T		26	26	1.0	40.0	60.0	11	15						false										
ON023025.1	3559	REF	ref	T		15	15	1.0	40.0	60.0	0	15						false										
ON023025.1	3560	REF	ref	A		15	15	1.0	40.0	60.0	0	15						false										
ON023025.1	3561	REF	ref	A		15	15	1.0	40.0	60.0	0	15						false										
ON023025.1	3562	REF	ref	T		15	15	1.0	40.0	60.0	0	15						false										
ON023025.1	3563	REF	ref	G		15	15	1.0	40.0	60.0	0	15						false										
ON023025.1	3564	REF	ref	C		15	15	1.0	40.0	60.0	0	15						false										
ON023025.1	3565	REF	ref	T		15	15	1.0	40.0	60.0	0	15						false										
ON023025.1	3566	REF	ref	T		15	15	1.0	40.0	60.0	0	15						false										
ON023025.1	3567	REF	ref	T		15	15	1.0	40.0	60.0	0	15						false										
ON023025.1	3568	REF	ref	A		15	15	1.0	40.0	60.0	0	15						false										
ON023025.1	3569	REF	ref	A		15	15	1.0	40.0	60.0	0	15						false										
ON023025.1	3570	REF	ref	A		15	15	1.0	40.0	60.0	0	15						false										
ON023025.1	3571	REF	ref	C		15	15	1.0	40.0	60.0	0	15						false										
ON023025.1	3572	REF	ref	T		15	15	1.0	38.93333333333333	60.0	0	15						false										
ON023025.1	3573	REF	ref	T		15	15	1.0	40.0	60.0	0	15						false										
ON023025.1	3574	REF	ref	A		15	15	1.0	40.0	60.0	0	15						false										
ON023025.1	3575	REF	ref	T		25	25	1.0	40.0	60.0	0	25						false										
ON023025.1	3576	REF	ref	T		26	26	1.0	40.0	60.0	0	26						false										
ON023025.1	3577	REF	ref	T		25	25	1.0	40.0	60.0	0	25						false										
ON023025.1	3578	REF	ref	T		25	25	1.0	40.0	60.0	0	25						false										
ON023025.1	3579	REF	ref	T		26	26	1.0	39.38461538461539	60.0	0	26						false										
ON023025.1	3580	REF	ref	T		26	26	1.0	40.0	60.0	0	26						false										
ON023025.1	3581	REF	ref	T		26	26	1.0	40.0	60.0	0	26						false										
ON023025.1	3582	REF	ref	C		26	26	1.0	40.0	60.0	0	26						false										
ON023025.1	3583	REF	ref	A		26	26	1.0	39.38461538461539	60.0	0	26						false										
ON023025.1	3584	REF	ref	C		25	25	1.0	40.0	60.0	0	25						false										
ON023025.1	3585	REF	ref	C		26	26	1.0	39.38461538461539	60.0	0	26						false										
ON023025.1	3586	REF	ref	T		25	25	1.0	40.0	60.0	0	25						false										
ON023025.1	3587	REF	ref	T		25	25	1.0	40.0	60.0	0	25						false										
ON023025.1	3588	REF	ref	T		26	26	1.0	40.0	60.0	0	26						false										
ON023025.1	3589	REF	ref	A		26	26	1.0	40.0	60.0	0	26						false										
ON023025.1	3590	REF	ref	G		26	26	1.0	39.38461538461539	60.0	0	26						false										
ON023025.1	3591	REF	ref	A		26	26	1.0	39.38461538461539	60.0	0	26						false										
ON023025.1	3592	REF	ref	A		26	26	1.0	40.0	60.0	0	26						false										
ON023025.1	3593	REF	ref	T		26	26	1.0	40.0	60.0	0	26						false										
ON023025.1	3594	REF	ref	T		26	26	1.0	40.0	60.0	0	26						false										
ON023025.1	3595	REF	ref	T		26	26	1.0	40.0	60.0	0	26						false										
ON023025.1	3596	REF	ref	C		26	26	1.0	38.76923076923077	60.0	0	26						false										
ON023025.1	3597	REF	ref	A		26	26	1.0	40.0	60.0	0	26						false										
ON023025.1	3598	REF	ref	A		26	26	1.0	40.0	60.0	0	26						false										
ON023025.1	3599	REF	ref	C		26	26	1.0	39.38461538461539	60.0	0	26						false										
ON023025.1	3600	REF	ref	A		26	26	1.0	38.76923076923077	60.0	0	26						false										
ON023025.1	3601	REF	ref	T		26	26	1.0	39.38461538461539	60.0	0	26						false										
ON023025.1	3602	REF	ref	T		26	26	1.0	40.0	60.0	0	26						false										
ON023025.1	3603	REF	ref	T		26	26	1.0	39.38461538461539	60.0	0	26						false										
ON023025.1	3604	REF	ref	A		26	26	1.0	40.0	60.0	0	26						false										
ON023025.1	3605	REF	ref	A		26	26	1.0	40.0	60.0	0	26						false										
ON023025.1	3606	REF	ref	T		26	26	1.0	40.0	60.0	0	26						false										
ON023025.1	3607	REF	ref	T		26	26	1.0	40.0	60.0	0	26						false										
ON023025.1	3608	REF	ref	G		26	26	1.0	40.0	60.0	0	26						false										
ON023025.1	3609	REF	ref	A		26	26	1.0	39.38461538461539	60.0	0	26						false										
ON023025.1	3610	REF	ref	A		26	26	1.0	40.0	60.0	0	26						false										
ON023025.1	3611	REF	ref	A		26	26	1.0	39.38461538461539	60.0	0	26						false										
ON023025.1	3612	REF	ref	A		25	25	1.0	40.0	60.0	0	25						false										
ON023025.1	3613	REF	ref	T		26	26	1.0	40.0	60.0	0	26						false										
ON023025.1	3614	REF	ref	T		25	25	1.0	39.36	60.0	0	25						false										
ON023025.1	3615	REF	ref	A		26	26	1.0	39.38461538461539	60.0	0	26						false										
ON023025.1	3616	REF	ref	T		26	26	1.0	39.38461538461539	60.0	0	26						false										
ON023025.1	3617	REF	ref	G		26	26	1.0	40.0	60.0	0	26						false										
ON023025.1	3618	REF	ref	G		26	26	1.0	40.0	60.0	0	26						false										
ON023025.1	3619	REF	ref	A		26	26	1.0	40.0	60.0	0	26						false										
ON023025.1	3620	REF	ref	A		26	26	1.0	40.0	60.0	0	26						false										
ON023025.1	3621	REF	ref	G		26	26	1.0	40.0	60.0	0	26						false										
ON023025.1	3622	REF	ref	T		26	26	1.0	40.0	60.0	0	26						false										
ON023025.1	3623	REF	ref	A		26	26	1.0	40.0	60.0	0	26						false										
ON023025.1	3624	REF	ref	T		26	26	1.0	40.0	60.0	0	26						false										
ON023025.1	3625	REF	ref	A		26	0	0.0			0	0						false										
ON023025.1	3625	SNV	alt	A	T	26	26	1.0	40.0	60.0	0	0	0	26	1.0	Tv		true	VP1	gene-VP1	+	ATA	ATT	I	I	341	3	synonymous
ON023025.1	3625	SNV	alt	A	T	26	26	1.0	40.0	60.0	0	0	0	26	1.0	Tv		true	VP2	gene-VP2	+	ATA	ATT	I	I	114	3	synonymous
ON023025.1	3626	REF	ref	G		26	26	1.0	40.0	60.0	0	26						false										
ON023025.1	3627	REF	ref	C		26	26	1.0	39.38461538461539	60.0	0	26						false										
ON023025.1	3628	REF	ref	C		26	26	1.0	38.76923076923077	60.0	0	26						false										
ON023025.1	3629	REF	ref	C		26	26	1.0	40.0	60.0	0	26						false										
ON023025.1	3630	REF	ref	C		26	26	1.0	40.0	60.0	0	26						false										
ON023025.1	3631	REF	ref	T		26	26	1.0	40.0	60.0	0	26						false										
ON023025.1	3632	REF	ref	G		26	26	1.0	40.0	60.0	0	26						false										
ON023025.1	3633	REF	ref	A		26	26	1.0	40.0	60.0	0	26						false										
ON023025.1	3634	REF	ref	T		26	26	1.0	40.0	60.0	0	26						false										
ON023025.1	3635	REF	ref	G		26	26	1.0	39.38461538461539	60.0	0	26						false										
ON023025.1	3636	REF	ref	C		26	26	1.0	40.0	60.0	0	26						false										
ON023025.1	3637	REF	ref	T		26	26	1.0	40.0	60.0	0	26						false										
ON023025.1	3638	REF	ref	T		26	26	1.0	40.0	60.0	0	26						false										
ON023025.1	3639	REF	ref	T		26	26	1.0	39.38461538461539	60.0	0	26						false										
ON023025.1	3640	REF	ref	A		26	26	1.0	40.0	60.0	0	26						false										
ON023025.1	3641	REF	ref	A		26	26	1.0	40.0	60.0	0	26						false										
ON023025.1	3642	REF	ref	C		26	26	1.0	40.0	60.0	0	26						false										
ON023025.1	3643	REF	ref	T		26	26	1.0	40.0	60.0	0	26						false										
ON023025.1	3644	REF	ref	G		26	26	1.0	40.0	60.0	0	26						false										
ON023025.1	3645	REF	ref	T		26	26	1.0	39.38461538461539	60.0	0	26						false										
ON023025.1	3646	REF	ref	T		26	26	1.0	39.38461538461539	60.0	0	26						false										
ON023025.1	3647	REF	ref	A		26	26	1.0	39.38461538461539	60.0	0	26						false										
ON023025.1	3648	REF	ref	C		31	31	1.0	40.0	60.0	5	26						false										
ON023025.1	3649	REF	ref	C		31	31	1.0	40.0	60.0	5	26						false										
ON023025.1	3650	REF	ref	A		30	30	1.0	40.0	60.0	5	25						false										
ON023025.1	3651	REF	ref	T		31	31	1.0	39.483870967741936	60.0	5	26						false										
ON023025.1	3652	REF	ref	A		31	31	1.0	39.483870967741936	60.0	5	26						false										
ON023025.1	3653	REF	ref	T		31	31	1.0	40.0	60.0	5	26						false										
ON023025.1	3654	REF	ref	C		31	31	1.0	39.483870967741936	60.0	5	26						false										
ON023025.1	3655	REF	ref	A		31	31	1.0	40.0	60.0	5	26						false										
ON023025.1	3656	REF	ref	G		31	31	1.0	39.483870967741936	60.0	5	26						false										
ON023025.1	3657	REF	ref	A		30	30	1.0	40.0	60.0	5	25						false										
ON023025.1	3658	REF	ref	G		31	0	0.0			0	0						false										
ON023025.1	3658	SNV	alt	G	A	31	31	1.0	39.483870967741936	60.0	0	0	5	26	1.0	Ts		true	VP1	gene-VP1	+	GAG	GAA	E	E	352	3	synonymous
ON023025.1	3658	SNV	alt	G	A	31	31	1.0	39.483870967741936	60.0	0	0	5	26	1.0	Ts		true	VP2	gene-VP2	+	GAG	GAA	E	E	125	3	synonymous
ON023025.1	3659	REF	ref	A		31	31	1.0	39.483870967741936	60.0	5	26						false										
ON023025.1	3660	REF	ref	T		31	31	1.0	38.96774193548387	60.0	5	26						false										
ON023025.1	3661	REF	ref	T		31	31	1.0	40.0	60.0	5	26						false										
ON023025.1	3662	REF	ref	G		31	31	1.0	39.483870967741936	60.0	5	26						false										
ON023025.1	3663	REF	ref	C		31	31	1.0	39.483870967741936	60.0	5	26						false										
ON023025.1	3664	REF	ref	T		31	31	1.0	40.0	60.0	5	26						false										
ON023025.1	3665	REF	ref	G		31	31	1.0	39.483870967741936	60.0	5	26						false										
ON023025.1	3666	REF	ref	T		31	31	1.0	40.0	60.0	5	26						false										
ON023025.1	3667	REF	ref	T		31	31	1.0	40.0	60.0	5	26						false										
ON023025.1	3668	REF	ref	A		31	31	1.0	40.0	60.0	5	26						false										
ON023025.1	3669	REF	ref	A		31	31	1.0	39.483870967741936	60.0	5	26						false										
ON023025.1	3670	REF	ref	A		31	31	1.0	40.0	60.0	5	26						false										
ON023025.1	3671	REF	ref	G		31	31	1.0	40.0	60.0	5	26						false										
ON023025.1	3672	REF	ref	A		31	31	1.0	39.483870967741936	60.0	5	26						false										
ON023025.1	3673	REF	ref	C		31	0	0.0			0	0						false										
ON023025.1	3673	SNV	alt	C	T	31	31	1.0	39.483870967741936	60.0	0	0	5	26	1.0	Ts		true	VP1	gene-VP1	+	GAC	GAT	D	D	357	3	synonymous
ON023025.1	3673	SNV	alt	C	T	31	31	1.0	39.483870967741936	60.0	0	0	5	26	1.0	Ts		true	VP2	gene-VP2	+	GAC	GAT	D	D	130	3	synonymous
ON023025.1	3674	REF	ref	G		31	31	1.0	39.483870967741936	60.0	5	26						false										
ON023025.1	3675	REF	ref	T		30	30	1.0	39.46666666666667	60.0	5	25						false										
ON023025.1	3676	REF	ref	T		31	0	0.0			0	0						false										
ON023025.1	3676	SNV	alt	T	C	31	31	1.0	39.483870967741936	60.0	0	0	5	26	1.0	Ts		true	VP1	gene-VP1	+	GTT	GTC	V	V	358	3	synonymous
ON023025.1	3676	SNV	alt	T	C	31	31	1.0	39.483870967741936	60.0	0	0	5	26	1.0	Ts		true	VP2	gene-VP2	+	GTT	GTC	V	V	131	3	synonymous
ON023025.1	3677	REF	ref	A		31	31	1.0	38.96774193548387	60.0	5	26						false										
ON023025.1	3678	REF	ref	C		31	31	1.0	39.483870967741936	60.0	5	26						false										
ON023025.1	3679	REF	ref	A		31	31	1.0	39.483870967741936	60.0	5	26						false										
ON023025.1	3680	REF	ref	G		30	30	1.0	40.0	60.0	5	25						false										
ON023025.1	3681	REF	ref	A		31	31	1.0	39.483870967741936	60.0	5	26						false										
ON023025.1	3682	REF	ref	C		31	31	1.0	39.483870967741936	60.0	5	26						false										
ON023025.1	3683	REF	ref	A		31	31	1.0	39.483870967741936	60.0	5	26						false										
ON023025.1	3684	REF	ref	A		30	30	1.0	40.0	60.0	5	25						false										
ON023025.1	3685	REF	ref	A		25	25	1.0	40.0	60.0	5	20						false										
ON023025.1	3686	REF	ref	A		25	25	1.0	39.36	60.0	5	20						false										
ON023025.1	3687	REF	ref	C		25	25	1.0	39.36	60.0	5	20						false										
ON023025.1	3688	REF	ref	A		25	25	1.0	47.36	60.0	2	23						false										
ON023025.1	3689	REF	ref	G		25	25	1.0	46.72	60.0	2	23						false										
ON023025.1	3690	REF	ref	G		16	16	1.0	52.5	60.0	2	14						false										
ON023025.1	3691	REF	ref	A		16	16	1.0	52.5	60.0	2	14						false										
ON023025.1	3692	REF	ref	G		16	16	1.0	52.5	60.0	2	14						false										
ON023025.1	3693	REF	ref	G		16	16	1.0	52.5	60.0	2	14						false										
ON023025.1	3694	REF	ref	A		16	16	1.0	52.5	60.0	2	14						false										
ON023025.1	3695	REF	ref	G		21	21	1.0	49.523809523809526	60.0	7	14						false										
ON023025.1	3696	REF	ref	G		21	21	1.0	49.523809523809526	60.0	7	14						false										
ON023025.1	3697	REF	ref	G		21	0	0.0			0	0						false										
ON023025.1	3697	SNV	alt	G	A	21	21	1.0	49.523809523809526	60.0	0	0	7	14	1.0	Ts		true	VP1	gene-VP1	+	GGG	GGA	G	G	365	3	synonymous
ON023025.1	3697	SNV	alt	G	A	21	21	1.0	49.523809523809526	60.0	0	0	7	14	1.0	Ts		true	VP2	gene-VP2	+	GGG	GGA	G	G	138	3	synonymous
ON023025.1	3698	REF	ref	G		21	21	1.0	49.523809523809526	60.0	7	14						false										
ON023025.1	3699	REF	ref	T		21	21	1.0	49.523809523809526	60.0	7	14						false										
ON023025.1	3700	REF	ref	G		21	21	1.0	49.523809523809526	60.0	7	14						false										
ON023025.1	3701	REF	ref	C		21	21	1.0	49.523809523809526	60.0	7	14						false										
ON023025.1	3702	REF	ref	A		21	21	1.0	49.523809523809526	60.0	7	14						false										
ON023025.1	3703	REF	ref	G		21	21	1.0	48.76190476190476	60.0	7	14						false										
ON023025.1	3704	REF	ref	G		21	21	1.0	49.523809523809526	60.0	7	14						false										
ON023025.1	3705	REF	ref	T		21	21	1.0	49.523809523809526	60.0	7	14						false										
ON023025.1	3706	REF	ref	T		21	21	1.0	48.76190476190476	60.0	7	14						false										
ON023025.1	3707	REF	ref	A		21	21	1.0	49.523809523809526	60.0	7	14						false										
ON023025.1	3708	REF	ref	C		22	22	1.0	50.18181818181818	59.45454545454545	7	15						false										
ON023025.1	3709	REF	ref	T		22	22	1.0	50.90909090909091	59.45454545454545	7	15						false										
ON023025.1	3710	REF	ref	G		22	22	1.0	50.90909090909091	59.45454545454545	7	15						false										
ON023025.1	3711	REF	ref	A		22	22	1.0	50.90909090909091	59.45454545454545	7	15						false										
ON023025.1	3712	REF	ref	C		22	22	1.0	50.90909090909091	59.45454545454545	7	15						false										
ON023025.1	3713	REF	ref	A		22	22	1.0	50.90909090909091	59.45454545454545	7	15						false										
ON023025.1	3714	REF	ref	G		30	30	1.0	57.63333333333333	58.43333333333333	10	20						false										
ON023025.1	3715	REF	ref	T		30	30	1.0	57.6	58.43333333333333	10	20						false										
ON023025.1	3716	REF	ref	A		30	30	1.0	58.13333333333333	58.43333333333333	10	20						false										
ON023025.1	3717	REF	ref	C		30	30	1.0	58.666666666666664	58.43333333333333	10	20						false										
ON023025.1	3718	REF	ref	T		30	30	1.0	58.666666666666664	58.43333333333333	10	20						false										
ON023025.1	3719	REF	ref	A		30	30	1.0	58.13333333333333	58.43333333333333	10	20						false										
ON023025.1	3720	REF	ref	C		30	30	1.0	57.06666666666667	58.43333333333333	10	20						false										
ON023025.1	3721	REF	ref	A		30	30	1.0	58.666666666666664	58.43333333333333	10	20						false										
ON023025.1	3722	REF	ref	G		30	30	1.0	58.666666666666664	58.43333333333333	10	20						false										
ON023025.1	3723	REF	ref	G		30	30	1.0	58.666666666666664	58.43333333333333	10	20						false										
ON023025.1	3724	REF	ref	G		30	30	1.0	58.666666666666664	58.43333333333333	10	20						false										
ON023025.1	3725	REF	ref	C		30	30	1.0	58.13333333333333	58.43333333333333	10	20						false										
ON023025.1	3726	REF	ref	G		19	19	1.0	68.63157894736842	57.526315789473685	10	9						false										
ON023025.1	3727	REF	ref	T		19	19	1.0	69.47368421052632	57.526315789473685	10	9						false										
ON023025.1	3728	REF	ref	T		19	19	1.0	68.63157894736842	57.526315789473685	10	9						false										
ON023025.1	3729	REF	ref	T		19	19	1.0	69.47368421052632	57.526315789473685	10	9						false										
ON023025.1	3730	REF	ref	A		19	19	1.0	69.47368421052632	57.526315789473685	10	9						false										
ON023025.1	3731	REF	ref	T		19	19	1.0	69.47368421052632	57.526315789473685	10	9						false										
ON023025.1	3732	REF	ref	G		19	19	1.0	69.47368421052632	57.526315789473685	10	9						false										
ON023025.1	3733	REF	ref	C		19	19	1.0	69.47368421052632	57.526315789473685	10	9						false										
ON023025.1	3734	REF	ref	A		19	19	1.0	69.47368421052632	57.526315789473685	10	9						false										
ON023025.1	3735	REF	ref	T		19	19	1.0	69.47368421052632	57.526315789473685	10	9						false										
ON023025.1	3736	REF	ref	G		19	19	1.0	69.47368421052632	57.526315789473685	10	9						false										
ON023025.1	3737	REF	ref	T		19	19	1.0	67.84210526315789	57.526315789473685	10	9						false										
ON023025.1	3738	REF	ref	T		19	19	1.0	68.63157894736842	57.526315789473685	10	9						false										
ON023025.1	3739	REF	ref	A		19	19	1.0	69.47368421052632	57.526315789473685	10	9						false										
ON023025.1	3740	REF	ref	G		19	19	1.0	69.47368421052632	57.526315789473685	10	9						false										
ON023025.1	3741	REF	ref	T		19	19	1.0	66.15789473684211	57.526315789473685	10	9						false										
ON023025.1	3742	REF	ref	A		19	19	1.0	68.63157894736842	57.526315789473685	10	9						false										
ON023025.1	3743	REF	ref	G		19	19	1.0	69.47368421052632	57.526315789473685	10	9						false										
ON023025.1	3744	REF	ref	A		19	19	1.0	69.47368421052632	57.526315789473685	10	9						false										
ON023025.1	3745	REF	ref	T		19	19	1.0	69.47368421052632	57.526315789473685	10	9						false										
ON023025.1	3746	REF	ref	C		19	19	1.0	68.63157894736842	57.526315789473685	10	9						false										
ON023025.1	3747	REF	ref	A		19	19	1.0	69.47368421052632	57.526315789473685	10	9						false										
ON023025.1	3748	REF	ref	T		19	19	1.0	69.47368421052632	57.526315789473685	10	9						false										
ON023025.1	3749	REF	ref	G		19	19	1.0	69.47368421052632	57.526315789473685	10	9						false										
ON023025.1	3750	REF	ref	A		19	19	1.0	79.15789473684211	57.526315789473685	7	12						false										
ON023025.1	3751	REF	ref	G		19	19	1.0	80.0	57.526315789473685	7	12						false										
ON023025.1	3752	REF	ref	T		19	19	1.0	80.0	57.526315789473685	7	12						false										
ON023025.1	3753	REF	ref	A		19	19	1.0	80.0	57.526315789473685	7	12						false										
ON023025.1	3754	REF	ref	C		19	19	1.0	80.0	57.526315789473685	7	12						false										
ON023025.1	3755	REF	ref	A		19	19	1.0	80.0	57.526315789473685	7	12						false										
ON023025.1	3756	REF	ref	A		19	19	1.0	80.0	57.526315789473685	7	12						false										
ON023025.1	3757	REF	ref	G		19	19	1.0	80.0	57.526315789473685	7	12						false										
ON023025.1	3758	REF	ref	T		19	19	1.0	80.0	57.526315789473685	7	12						false										
ON023025.1	3759	REF	ref	A		19	19	1.0	80.0	57.526315789473685	7	12						false										
ON023025.1	3760	REF	ref	C		23	23	1.0	73.04347826086956	57.95652173913044	11	12						false										
ON023025.1	3761	REF	ref	C		23	23	1.0	73.04347826086956	57.95652173913044	11	12						false										
ON023025.1	3762	REF	ref	C		23	23	1.0	72.34782608695652	57.95652173913044	11	12						false										
ON023025.1	3763	REF	ref	A		23	23	1.0	73.04347826086956	57.95652173913044	11	12						false										
ON023025.1	3764	REF	ref	T		23	23	1.0	73.04347826086956	57.95652173913044	11	12						false										
ON023025.1	3765	REF	ref	A		23	23	1.0	73.04347826086956	57.95652173913044	11	12						false										
ON023025.1	3766	REF	ref	T		23	23	1.0	73.04347826086956	57.95652173913044	11	12						false										
ON023025.1	3767	REF	ref	G		22	22	1.0	74.54545454545455	57.86363636363637	10	12						false										
ON023025.1	3768	REF	ref	T		23	23	1.0	73.04347826086956	57.95652173913044	11	12						false										
ON023025.1	3769	REF	ref	G		23	23	1.0	69.6086956521739	57.95652173913044	11	12						false										
ON023025.1	3770	REF	ref	T		23	23	1.0	73.04347826086956	57.95652173913044	11	12						false										
ON023025.1	3771	REF	ref	T		23	23	1.0	73.04347826086956	57.95652173913044	11	12						false										
ON023025.1	3772	REF	ref	A		23	23	1.0	73.04347826086956	57.95652173913044	11	12						false										
ON023025.1	3773	REF	ref	G		23	23	1.0	73.04347826086956	57.95652173913044	11	12						false										
ON023025.1	3774	REF	ref	G		23	23	1.0	73.04347826086956	57.95652173913044	11	12						false										
ON023025.1	3775	REF	ref	T		23	23	1.0	72.34782608695652	57.95652173913044	11	12						false										
ON023025.1	3776	REF	ref	C		23	23	1.0	73.04347826086956	57.95652173913044	11	12						false										
ON023025.1	3777	REF	ref	A		23	23	1.0	71.65217391304348	57.95652173913044	11	12						false										
ON023025.1	3778	REF	ref	G		23	23	1.0	72.34782608695652	57.95652173913044	11	12						false										
ON023025.1	3779	REF	ref	G		23	23	1.0	73.04347826086956	57.95652173913044	11	12						false										
ON023025.1	3780	REF	ref	G		23	23	1.0	73.04347826086956	57.95652173913044	11	12						false										
ON023025.1	3781	REF	ref	A		23	23	1.0	73.04347826086956	57.95652173913044	11	12						false										
ON023025.1	3782	REF	ref	C		23	23	1.0	73.04347826086956	57.95652173913044	11	12						false										
ON023025.1	3783	REF	ref	A		22	22	1.0	74.54545454545455	57.86363636363637	10	12						false										
ON023025.1	3784	REF	ref	G		27	27	1.0	73.48148148148148	57.0	12	15						false										
ON023025.1	3785	REF	ref	G		27	27	1.0	74.07407407407408	57.0	12	15						false										
ON023025.1	3786	REF	ref	A		27	27	1.0	74.07407407407408	57.0	12	15						false										
ON023025.1	3787	REF	ref	T		27	27	1.0	74.07407407407408	57.0	12	15						false										
ON023025.1	3788	REF	ref	A		27	27	1.0	72.88888888888889	57.0	12	15						false										
ON023025.1	3789	REF	ref	C		27	27	1.0	74.07407407407408	57.0	12	15						false										
ON023025.1	3790	REF	ref	C		27	27	1.0	74.07407407407408	57.0	12	15						false										
ON023025.1	3791	REF	ref	T		27	27	1.0	74.07407407407408	57.0	12	15						false										
ON023025.1	3792	REF	ref	T		27	27	1.0	74.07407407407408	57.0	12	15						false										
ON023025.1	3793	REF	ref	A		27	27	1.0	74.07407407407408	57.0	12	15						false										
ON023025.1	3794	REF	ref	G		27	27	1.0	74.07407407407408	57.0	12	15						false										
ON023025.1	3795	REF	ref	C		27	27	1.0	74.07407407407408	57.0	12	15						false										
ON023025.1	3796	REF	ref	C		27	27	1.0	72.88888888888889	57.0	12	15						false										
ON023025.1	3797	REF	ref	C		27	27	1.0	74.07407407407408	57.0	12	15						false										
ON023025.1	3798	REF	ref	C		27	27	1.0	72.29629629629629	57.0	12	15						false										
ON023025.1	3799	REF	ref	A		27	27	1.0	66.66666666666667	57.0	10	17						false										
ON023025.1	3800	REF	ref	G		27	27	1.0	66.66666666666667	57.0	10	17						false										
ON023025.1	3801	REF	ref	A		26	26	1.0	67.07692307692308	56.88461538461539	9	17						false										
ON023025.1	3802	REF	ref	A		27	27	1.0	66.66666666666667	57.0	10	17						false										
ON023025.1	3803	REF	ref	C		27	27	1.0	66.66666666666667	57.0	10	17						false										
ON023025.1	3804	REF	ref	T		27	27	1.0	66.07407407407408	57.0	10	17						false										
ON023025.1	3805	REF	ref	G		27	27	1.0	66.07407407407408	57.0	10	17						false										
ON023025.1	3806	REF	ref	C		27	27	1.0	66.66666666666667	57.0	10	17						false										
ON023025.1	3807	REF	ref	C		27	27	1.0	66.66666666666667	57.0	10	17						false										
ON023025.1	3808	REF	ref	T		27	27	1.0	66.66666666666667	57.0	10	17						false										
ON023025.1	3809	REF	ref	A		27	27	1.0	66.66666666666667	57.0	10	17						false										
ON023025.1	3810	REF	ref	T		27	27	1.0	66.07407407407408	57.0	10	17						false										
ON023025.1	3811	REF	ref	T		27	27	1.0	66.66666666666667	57.0	10	17						false										
ON023025.1	3812	REF	ref	T		27	27	1.0	66.66666666666667	57.0	10	17						false										
ON023025.1	3813	REF	ref	G		27	27	1.0	66.07407407407408	57.0	10	17						false										
ON023025.1	3814	REF	ref	G		27	27	1.0	66.07407407407408	57.0	10	17						false										
ON023025.1	3815	REF	ref	G		27	27	1.0	66.66666666666667	57.0	10	17						false										
ON023025.1	3816	REF	ref	T		27	27	1.0	66.66666666666667	57.0	10	17						false										
ON023025.1	3817	REF	ref	G		27	27	1.0	66.66666666666667	57.0	10	17						false										
ON023025.1	3818	REF	ref	T		27	27	1.0	66.07407407407408	57.0	10	17						false										
ON023025.1	3819	REF	ref	A		27	27	1.0	66.66666666666667	57.0	10	17						false										
ON023025.1	3820	REF	ref	C		27	27	1.0	66.07407407407408	57.0	10	17						false										
ON023025.1	3821	REF	ref	T		27	27	1.0	66.66666666666667	57.0	10	17						false										
ON023025.1	3822	REF	ref	T		27	27	1.0	64.92592592592592	57.0	10	17						false										
ON023025.1	3823	REF	ref	T		27	27	1.0	66.07407407407408	57.0	10	17						false										
ON023025.1	3824	REF	ref	C		27	27	1.0	66.66666666666667	57.0	10	17						false										
ON023025.1	3825	REF	ref	C		27	27	1.0	66.66666666666667	57.0	10	17						false										
ON023025.1	3826	REF	ref	C		27	27	1.0	65.48148148148148	57.0	10	17						false										
ON023025.1	3827	REF	ref	C		27	27	1.0	65.48148148148148	57.0	10	17						false										
ON023025.1	3828	REF	ref	C		27	27	1.0	63.111111111111114	57.0	10	17						false										
ON023025.1	3829	REF	ref	T		27	27	1.0	66.07407407407408	57.0	10	17						false										
ON023025.1	3830	REF	ref	C		27	27	1.0	66.66666666666667	57.0	10	17						false										
ON023025.1	3831	REF	ref	A		26	26	1.0	67.6923076923077	56.88461538461539	9	17						false										
ON023025.1	3832	REF	ref	A		27	27	1.0	66.07407407407408	57.0	10	17						false										
ON023025.1	3833	REF	ref	T		27	27	1.0	66.66666666666667	57.0	10	17						false										
ON023025.1	3834	REF	ref	A		27	27	1.0	66.66666666666667	57.0	10	17						false										
ON023025.1	3835	REF	ref	T		27	27	1.0	65.48148148148148	57.0	10	17						false										
ON023025.1	3836	REF	ref	G		27	27	1.0	64.29629629629629	57.0	10	17						false										
ON023025.1	3837	REF	ref	C		27	27	1.0	64.88888888888889	57.0	10	17						false										
ON023025.1	3838	REF	ref	T		27	27	1.0	65.48148148148148	57.0	10	17						false										
ON023025.1	3839	REF	ref	T		22	22	1.0	71.27272727272727	56.31818181818182	10	12						false										
ON023025.1	3840	REF	ref	A		22	22	1.0	72.72727272727273	56.31818181818182	10	12						false										
ON023025.1	3841	REF	ref	T		22	0	0.0			0	0						false										
ON023025.1	3841	SNV	alt	T	C	22	22	1.0	72.0	56.31818181818182	0	0	10	12	1.0	Ts		true	VP1	gene-VP1	+	TAT	TAC	Y	Y	413	3	synonymous
ON023025.1	3841	SNV	alt	T	C	22	22	1.0	72.0	56.31818181818182	0	0	10	12	1.0	Ts		true	VP2	gene-VP2	+	TAT	TAC	Y	Y	186	3	synonymous
ON023025.1	3842	REF	ref	T		22	22	1.0	72.0	56.31818181818182	10	12						false										
ON023025.1	3843	REF	ref	T		22	22	1.0	72.72727272727273	56.31818181818182	10	12						false										
ON023025.1	3844	REF	ref	A		22	22	1.0	72.0	56.31818181818182	10	12						false										
ON023025.1	3845	REF	ref	A		22	22	1.0	72.0	56.31818181818182	10	12						false										
ON023025.1	3846	REF	ref	C		22	22	1.0	62.90909090909091	56.31818181818182	8	14						false										
ON023025.1	3847	REF	ref	A		22	22	1.0	63.63636363636363	56.31818181818182	8	14						false										
ON023025.1	3848	REF	ref	G		21	21	1.0	62.857142857142854	56.714285714285715	8	13						false										
ON023025.1	3849	REF	ref	T		21	21	1.0	62.095238095238095	56.714285714285715	8	13						false										
ON023025.1	3850	REF	ref	G		21	21	1.0	62.857142857142854	56.714285714285715	8	13						false										
ON023025.1	3851	REF	ref	G		21	21	1.0	62.857142857142854	56.714285714285715	8	13						false										
ON023025.1	3852	REF	ref	G		13	13	1.0	51.07692307692308	57.38461538461539	5	8						false										
ON023025.1	3853	REF	ref	A		13	13	1.0	52.30769230769231	57.38461538461539	5	8						false										
ON023025.1	3854	REF	ref	G		13	13	1.0	51.07692307692308	57.38461538461539	5	8						false										
ON023025.1	3855	REF	ref	A		13	13	1.0	52.30769230769231	57.38461538461539	5	8						false										
ON023025.1	3856	REF	ref	T		13	13	1.0	52.30769230769231	57.38461538461539	5	8						false										
ON023025.1	3857	REF	ref	G		13	13	1.0	52.30769230769231	57.38461538461539	5	8						false										
ON023025.1	3858	REF	ref	T		13	13	1.0	51.07692307692308	57.38461538461539	5	8						false										
ON023025.1	3859	REF	ref	A		13	13	1.0	52.30769230769231	57.38461538461539	5	8						false										
ON023025.1	3860	REF	ref	A		13	13	1.0	52.30769230769231	57.38461538461539	5	8						false										
ON023025.1	3861	REF	ref	A		13	13	1.0	52.30769230769231	57.38461538461539	5	8						false										
ON023025.1	3862	REF	ref	C		13	13	1.0	63.38461538461539	57.38461538461539	5	8						false										
ON023025.1	3863	REF	ref	A		13	13	1.0	62.23076923076923	57.38461538461539	5	8						false										
ON023025.1	3864	REF	ref	C		13	13	1.0	63.38461538461539	57.38461538461539	5	8						false										
ON023025.1	3865	REF	ref	A		13	13	1.0	64.61538461538461	57.38461538461539	5	8						false										
ON023025.1	3866	REF	ref	C		13	13	1.0	60.92307692307692	57.38461538461539	5	8						false										
ON023025.1	3867	REF	ref	A		13	13	1.0	60.92307692307692	57.38461538461539	4	9						false										
ON023025.1	3868	REF	ref	G		13	13	1.0	63.38461538461539	57.38461538461539	5	8						false										
ON023025.1	3869	REF	ref	G		13	13	1.0	64.61538461538461	57.38461538461539	5	8						false										
ON023025.1	3870	REF	ref	G		13	13	1.0	63.38461538461539	57.38461538461539	5	8						false										
ON023025.1	3871	REF	ref	A		13	13	1.0	64.61538461538461	57.38461538461539	5	8						false										
ON023025.1	3872	REF	ref	A		13	13	1.0	64.61538461538461	57.38461538461539	5	8						false										
ON023025.1	3873	REF	ref	T		13	13	1.0	63.38461538461539	57.38461538461539	5	8						false										
ON023025.1	3874	REF	ref	T		13	13	1.0	62.23076923076923	57.38461538461539	5	8						false										
ON023025.1	3875	REF	ref	T		13	13	1.0	63.38461538461539	57.38461538461539	5	8						false										
ON023025.1	3876	REF	ref	C		13	13	1.0	63.38461538461539	57.38461538461539	5	8						false										
ON023025.1	3877	REF	ref	A		13	13	1.0	63.38461538461539	57.38461538461539	5	8						false										
ON023025.1	3878	REF	ref	G		13	13	1.0	57.23076923076923	57.38461538461539	5	8						false										
ON023025.1	3879	REF	ref	G		13	13	1.0	58.46153846153846	57.38461538461539	4	9						false										
ON023025.1	3880	REF	ref	A		13	13	1.0	63.38461538461539	57.38461538461539	5	8						false										
ON023025.1	3881	REF	ref	G		13	13	1.0	63.38461538461539	57.38461538461539	5	8						false										
ON023025.1	3882	REF	ref	A		13	13	1.0	63.38461538461539	57.38461538461539	5	8						false										
ON023025.1	3883	REF	ref	C		13	13	1.0	64.61538461538461	57.38461538461539	5	8						false										
ON023025.1	3884	REF	ref	A		13	13	1.0	64.61538461538461	57.38461538461539	5	8						false										
ON023025.1	3885	REF	ref	G		13	13	1.0	62.23076923076923	57.38461538461539	5	8						false										
ON023025.1	3886	REF	ref	T		13	13	1.0	63.38461538461539	57.38461538461539	5	8						false										
ON023025.1	3887	REF	ref	A		13	13	1.0	63.38461538461539	57.38461538461539	5	8						false										
ON023025.1	3888	REF	ref	A		13	13	1.0	62.23076923076923	57.38461538461539	5	8						false										
ON023025.1	3889	REF	ref	A		13	13	1.0	64.61538461538461	57.38461538461539	5	8						false										
ON023025.1	3890	REF	ref	A		13	13	1.0	63.38461538461539	57.38461538461539	5	8						false										
ON023025.1	3891	REF	ref	A		13	13	1.0	63.38461538461539	57.38461538461539	5	8						false										
ON023025.1	3892	REF	ref	A		13	13	1.0	63.38461538461539	57.38461538461539	5	8						false										
ON023025.1	3893	REF	ref	C		13	13	1.0	64.61538461538461	57.38461538461539	5	8						false										
ON023025.1	3894	REF	ref	T		13	13	1.0	62.15384615384615	57.38461538461539	5	8						false										
ON023025.1	3895	REF	ref	A		13	13	1.0	64.61538461538461	57.38461538461539	5	8						false										
ON023025.1	3896	REF	ref	G		13	13	1.0	63.38461538461539	57.38461538461539	5	8						false										
ON023025.1	3897	REF	ref	C		13	13	1.0	64.61538461538461	57.38461538461539	5	8						false										
ON023025.1	3898	REF	ref	A		13	13	1.0	64.61538461538461	57.38461538461539	5	8						false										
ON023025.1	3899	REF	ref	A		13	13	1.0	61.0	57.38461538461539	5	8						false										
ON023025.1	3900	REF	ref	G		13	13	1.0	63.38461538461539	57.38461538461539	5	8						false										
ON023025.1	3901	REF	ref	T		8	8	1.0	80.0	55.75	5	3						false										
ON023025.1	3902	REF	ref	G		8	8	1.0	74.125	55.75	5	3						false										
ON023025.1	3903	REF	ref	A		8	8	1.0	80.0	55.75	5	3						false										
ON023025.1	3904	REF	ref	A		8	8	1.0	78.0	55.75	5	3						false										
ON023025.1	3905	REF	ref	G		8	8	1.0	76.125	55.75	5	3						false										
ON023025.1	3906	REF	ref	A		8	8	1.0	78.0	55.75	5	3						false										
ON023025.1	3907	REF	ref	A		8	8	1.0	80.0	55.75	5	3						false										
ON023025.1	3908	REF	ref	T		7	7	1.0	80.0	55.142857142857146	4	3						false										
ON023025.1	3909	REF	ref	C		8	8	1.0	74.125	55.75	5	3						false										
ON023025.1	3910	REF	ref	A		8	8	1.0	78.0	55.75	5	3						false										
ON023025.1	3911	REF	ref	G		8	8	1.0	58.0	55.75	1	7						false										
ON023025.1	3912	REF	ref	C		8	8	1.0	60.0	55.75	1	7						false										
ON023025.1	3913	REF	ref	A		8	0	0.0			0	0						false										
ON023025.1	3913	SNV	alt	A	C	8	8	1.0	60.0	55.75	0	0	1	7	1.0	Tv		true	VP1	gene-VP1	+	GCA	GCC	A	A	437	3	synonymous
ON023025.1	3913	SNV	alt	A	C	8	8	1.0	60.0	55.75	0	0	1	7	1.0	Tv		true	VP2	gene-VP2	+	GCA	GCC	A	A	210	3	synonymous
ON023025.1	3914	REF	ref	T		8	8	1.0	58.0	55.75	1	7						false										
ON023025.1	3915	REF	ref	T		8	8	1.0	58.0	55.75	1	7						false										
ON023025.1	3916	REF	ref	T		8	8	1.0	60.0	55.75	1	7						false										
ON023025.1	3917	REF	ref	T		9	9	1.0	57.77777777777778	56.22222222222222	2	7						false										
ON023025.1	3918	REF	ref	A		9	9	1.0	56.0	56.22222222222222	2	7						false										
ON023025.1	3919	REF	ref	T		9	9	1.0	54.22222222222222	56.22222222222222	2	7						false										
ON023025.1	3920	REF	ref	G		9	9	1.0	57.77777777777778	56.22222222222222	2	7						false										
ON023025.1	3921	REF	ref	T		9	9	1.0	56.0	56.22222222222222	2	7						false										
ON023025.1	3922	REF	ref	T		8	8	1.0	60.0	55.75	2	6						false										
ON023025.1	3923	REF	ref	T		8	8	1.0	60.0	55.75	2	6						false										
ON023025.1	3924	REF	ref	T		9	9	1.0	57.77777777777778	56.22222222222222	2	7						false										
ON023025.1	3925	REF	ref	A		9	0	0.0			0	0						false										
ON023025.1	3925	SNV	alt	A	G	9	9	1.0	56.0	56.22222222222222	0	0	2	7	1.0	Ts		true	VP1	gene-VP1	+	TTA	TTG	L	L	441	3	synonymous
ON023025.1	3925	SNV	alt	A	G	9	9	1.0	56.0	56.22222222222222	0	0	2	7	1.0	Ts		true	VP2	gene-VP2	+	TTA	TTG	L	L	214	3	synonymous
ON023025.1	3926	REF	ref	G		9	9	1.0	57.77777777777778	56.22222222222222	2	7						false										
ON023025.1	3927	REF	ref	A		9	9	1.0	57.77777777777778	56.22222222222222	2	7						false										
ON023025.1	3928	REF	ref	A		9	0	0.0			0	0						false										
ON023025.1	3928	SNV	alt	A	G	9	9	1.0	57.77777777777778	56.22222222222222	0	0	2	7	1.0	Ts		true	VP1	gene-VP1	+	GAA	GAG	E	E	442	3	synonymous
ON023025.1	3928	SNV	alt	A	G	9	9	1.0	57.77777777777778	56.22222222222222	0	0	2	7	1.0	Ts		true	VP2	gene-VP2	+	GAA	GAG	E	E	215	3	synonymous
ON023025.1	3929	REF	ref	C		9	9	1.0	57.77777777777778	56.22222222222222	2	7						false										
ON023025.1	3930	REF	ref	A		9	9	1.0	56.0	56.22222222222222	2	7						false										
ON023025.1	3931	REF	ref	C		9	9	1.0	57.77777777777778	56.22222222222222	2	7						false										
ON023025.1	3932	REF	ref	A		4	4	1.0	40.0	60.0	0	4						false										
ON023025.1	3933	REF	ref	G		5	5	1.0	40.0	60.0	1	4						false										
ON023025.1	3934	REF	ref	T		5	5	1.0	40.0	60.0	1	4						false										
ON023025.1	3935	REF	ref	T		5	5	1.0	36.8	60.0	1	4						false										
ON023025.1	3936	REF	ref	C		5	5	1.0	40.0	60.0	1	4						false										
ON023025.1	3937	REF	ref	A		5	5	1.0	40.0	60.0	1	4						false										
ON023025.1	3938	REF	ref	T		5	5	1.0	40.0	60.0	1	4						false										
ON023025.1	3939	REF	ref	T		5	5	1.0	40.0	60.0	1	4						false										
ON023025.1	3940	REF	ref	T		5	5	1.0	40.0	60.0	1	4						false										
ON023025.1	3941	REF	ref	G		5	5	1.0	40.0	60.0	1	4						false										
ON023025.1	3942	REF	ref	A		5	5	1.0	36.8	60.0	1	4						false										
ON023025.1	3943	REF	ref	A		5	5	1.0	40.0	60.0	1	4						false										
ON023025.1	3944	REF	ref	C		5	5	1.0	36.8	60.0	1	4						false										
ON023025.1	3945	REF	ref	T		5	5	1.0	40.0	60.0	1	4						false										
ON023025.1	3946	REF	ref	G		5	5	1.0	36.8	60.0	1	4						false										
ON023025.1	3947	REF	ref	T		5	0	0.0			0	0						false										
ON023025.1	3947	SNV	alt	T	C	5	5	1.0	40.0	60.0	0	0	1	4	1.0	Ts		true	VP1	gene-VP1	+	TTA	CTA	L	L	449	1	synonymous
ON023025.1	3947	SNV	alt	T	C	5	5	1.0	40.0	60.0	0	0	1	4	1.0	Ts		true	VP2	gene-VP2	+	TTA	CTA	L	L	222	1	synonymous
ON023025.1	3948	REF	ref	T		4	4	1.0	40.0	60.0	0	4						false										
ON023025.1	3949	REF	ref	A		5	5	1.0	36.8	60.0	1	4						false										
ON023025.1	3950	REF	ref	G		5	5	1.0	40.0	60.0	1	4						false										
ON023025.1	3951	REF	ref	G		5	5	1.0	40.0	60.0	1	4						false										
ON023025.1	3952	REF	ref	T		5	5	1.0	40.0	60.0	1	4						false										
ON023025.1	3953	REF	ref	A		5	5	1.0	36.8	60.0	1	4						false										
ON023025.1	3954	REF	ref	C		5	5	1.0	40.0	60.0	1	4						false										
ON023025.1	3955	REF	ref	A		5	5	1.0	40.0	60.0	1	4						false										
ON023025.1	3956	REF	ref	G		4	4	1.0	40.0	60.0	0	4						false										
ON023025.1	3957	REF	ref	G		5	5	1.0	36.8	60.0	1	4						false										
ON023025.1	3958	REF	ref	T		4	0	0.0			0	0						false										
ON023025.1	3958	SNV	alt	T	G	4	4	1.0	36.0	60.0	0	0	1	3	1.0	Tv		true	VP1	gene-VP1	+	GGT	GGG	G	G	452	3	synonymous
ON023025.1	3958	SNV	alt	T	G	4	4	1.0	36.0	60.0	0	0	1	3	1.0	Tv		true	VP2	gene-VP2	+	GGT	GGG	G	G	225	3	synonymous
ON023025.1	3959	REF	ref	G		5	5	1.0	40.0	60.0	1	4						false										
ON023025.1	3960	REF	ref	G		5	5	1.0	36.8	60.0	1	4						false										
ON023025.1	3961	REF	ref	C		5	0	0.0			0	0						false										
ON023025.1	3961	SNV	alt	C	A	5	5	1.0	33.6	60.0	0	0	1	4	1.0	Tv		true	VP1	gene-VP1	+	GGC	GGA	G	G	453	3	synonymous
ON023025.1	3961	SNV	alt	C	A	5	5	1.0	33.6	60.0	0	0	1	4	1.0	Tv		true	VP2	gene-VP2	+	GGC	GGA	G	G	226	3	synonymous
ON023025.1	3962	REF	ref	T		5	5	1.0	40.0	60.0	1	4						false										
ON023025.1	3963	REF	ref	C		5	5	1.0	36.8	60.0	1	4						false										
ON023025.1	3964	REF	ref	T		5	5	1.0	36.8	60.0	1	4						false										
ON023025.1	3965	REF	ref	G		5	5	1.0	40.0	60.0	1	4						false										
ON023025.1	3966	REF	ref	C		5	5	1.0	36.8	60.0	1	4						false										
ON023025.1	3967	REF	ref	C		5	5	1.0	36.8	60.0	1	4						false										
ON023025.1	3968	REF	ref	A		5	5	1.0	36.8	60.0	1	4						false										
ON023025.1	3969	REF	ref	C		5	5	1.0	40.0	60.0	1	4						false										
ON023025.1	3970	REF	ref	T		4	4	1.0	40.0	60.0	1	3						false										
ON023025.1	3971	REF	ref	A		5	5	1.0	36.8	60.0	1	4						false										
ON023025.1	3972	REF	ref	T		5	5	1.0	40.0	60.0	1	4						false										
ON023025.1	3973	REF	ref	G		5	5	1.0	40.0	60.0	1	4						false										
ON023025.1	3974	REF	ref	T		4	4	1.0	40.0	60.0	1	3						false										
ON023025.1	3975	REF	ref	C		5	5	1.0	40.0	60.0	1	4						false										
ON023025.1	3976	REF	ref	C		5	0	0.0			0	0						false										
ON023025.1	3976	SNV	alt	C	T	5	5	1.0	40.0	60.0	0	0	1	4	1.0	Ts		true	VP1	gene-VP1	+	TCC	TCT	S	S	458	3	synonymous
ON023025.1	3976	SNV	alt	C	T	5	5	1.0	40.0	60.0	0	0	1	4	1.0	Ts		true	VP2	gene-VP2	+	TCC	TCT	S	S	231	3	synonymous
ON023025.1	3977	REF	ref	T		5	5	1.0	36.8	60.0	1	4						false										
ON023025.1	3978	REF	ref	A		9	9	1.0	38.22222222222222	60.0	5	4						false										
ON023025.1	3979	REF	ref	T		9	9	1.0	40.0	60.0	5	4						false										
ON023025.1	3980	REF	ref	A		9	9	1.0	40.0	60.0	5	4						false										
ON023025.1	3981	REF	ref	A		9	9	1.0	38.22222222222222	60.0	5	4						false										
ON023025.1	3982	REF	ref	A		9	9	1.0	38.22222222222222	60.0	5	4						false										
ON023025.1	3983	REF	ref	T		9	9	1.0	38.22222222222222	60.0	5	4						false										
ON023025.1	3984	REF	ref	T		16	16	1.0	57.5	56.5	7	9						false										
ON023025.1	3985	REF	ref	T		16	16	1.0	55.5	56.5	7	9						false										
ON023025.1	3986	REF	ref	C		16	16	1.0	56.5	56.5	7	9						false										
ON023025.1	3987	REF	ref	C		16	16	1.0	56.5	56.5	7	9						false										
ON023025.1	3988	REF	ref	A		16	16	1.0	57.5	56.5	7	9						false										
ON023025.1	3989	REF	ref	C		16	16	1.0	55.5	56.5	7	9						false										
ON023025.1	3990	REF	ref	C		16	16	1.0	56.5	56.5	7	9						false										
ON023025.1	3991	REF	ref	A		16	16	1.0	56.5	56.5	7	9						false										
ON023025.1	3992	REF	ref	G		16	16	1.0	57.5	56.5	7	9						false										
ON023025.1	3993	REF	ref	T		16	16	1.0	56.5	56.5	7	9						false										
ON023025.1	3994	REF	ref	G		16	16	1.0	57.5	56.5	7	9						false										
ON023025.1	3995	REF	ref	C		16	16	1.0	56.5	56.5	7	9						false										
ON023025.1	3996	REF	ref	C		21	21	1.0	54.476190476190474	57.333333333333336	7	14						false										
ON023025.1	3997	REF	ref	G		20	0	0.0			0	0						false										
ON023025.1	3997	SNV	alt	G	C	20	20	1.0	56.0	57.2	0	0	7	13	1.0	Tv		true	VP1	gene-VP1	+	CCG	CCC	P	P	465	3	synonymous
ON023025.1	3997	SNV	alt	G	C	20	20	1.0	56.0	57.2	0	0	7	13	1.0	Tv		true	VP2	gene-VP2	+	CCG	CCC	P	P	238	3	synonymous
ON023025.1	3998	REF	ref	C		20	20	1.0	56.0	57.2	7	13						false										
ON023025.1	3999	REF	ref	C		20	20	1.0	55.2	57.2	7	13						false										
ON023025.1	4000	REF	ref	A		21	21	1.0	54.476190476190474	57.333333333333336	7	14						false										
ON023025.1	4001	REF	ref	G		21	21	1.0	55.23809523809524	57.333333333333336	7	14						false										
ON023025.1	4002	REF	ref	A		21	21	1.0	55.23809523809524	57.333333333333336	7	14						false										
ON023025.1	4003	REF	ref	A		20	20	1.0	56.0	57.2	7	13						false										
ON023025.1	4004	REF	ref	A		21	21	1.0	54.476190476190474	57.333333333333336	7	14						false										
ON023025.1	4005	REF	ref	A		20	20	1.0	55.2	57.2	7	13						false										
ON023025.1	4006	REF	ref	C		20	20	1.0	56.0	57.2	7	13						false										
ON023025.1	4007	REF	ref	T		20	20	1.0	55.2	57.2	7	13						false										
ON023025.1	4008	REF	ref	T		20	20	1.0	53.6	57.2	7	13						false										
ON023025.1	4009	REF	ref	G		21	21	1.0	55.23809523809524	57.333333333333336	7	14						false										
ON023025.1	4010	REF	ref	G		21	21	1.0	55.23809523809524	57.333333333333336	7	14						false										
ON023025.1	4011	REF	ref	A		21	21	1.0	55.23809523809524	57.333333333333336	7	14						false										
ON023025.1	4012	REF	ref	G		21	21	1.0	55.23809523809524	57.333333333333336	7	14						false										
ON023025.1	4013	REF	ref	G		17	17	1.0	56.94117647058823	56.705882352941174	7	10						false										
ON023025.1	4014	REF	ref	G		17	17	1.0	57.88235294117647	56.705882352941174	7	10						false										
ON023025.1	4015	REF	ref	T		17	17	1.0	58.8235294117647	56.705882352941174	7	10						false										
ON023025.1	4016	REF	ref	T		17	17	1.0	58.8235294117647	56.705882352941174	7	10						false										
ON023025.1	4017	REF	ref	G		17	17	1.0	58.8235294117647	56.705882352941174	7	10						false										
ON023025.1	4018	REF	ref	T		17	17	1.0	58.8235294117647	56.705882352941174	7	10						false										
ON023025.1	4019	REF	ref	A		17	17	1.0	57.88235294117647	56.705882352941174	7	10						false										
ON023025.1	4020	REF	ref	G		17	17	1.0	58.8235294117647	56.705882352941174	7	10						false										
ON023025.1	4021	REF	ref	C		17	17	1.0	58.8235294117647	56.705882352941174	7	10						false										
ON023025.1	4022	REF	ref	C		17	17	1.0	58.8235294117647	56.705882352941174	7	10						false										
ON023025.1	4023	REF	ref	A		17	17	1.0	58.8235294117647	56.705882352941174	7	10						false										
ON023025.1	4024	REF	ref	A		17	0	0.0			0	0						false										
ON023025.1	4024	SNV	alt	A	G	17	17	1.0	57.88235294117647	56.705882352941174	0	0	7	10	1.0	Ts		true	VP1	gene-VP1	+	CAA	CAG	Q	Q	474	3	synonymous
ON023025.1	4024	SNV	alt	A	G	17	17	1.0	57.88235294117647	56.705882352941174	0	0	7	10	1.0	Ts		true	VP2	gene-VP2	+	CAA	CAG	Q	Q	247	3	synonymous
ON023025.1	4025	REF	ref	C		17	17	1.0	58.8235294117647	56.705882352941174	7	10						false										
ON023025.1	4026	REF	ref	A		17	17	1.0	58.8235294117647	56.705882352941174	7	10						false										
ON023025.1	4027	REF	ref	C		17	17	1.0	58.8235294117647	56.705882352941174	7	10						false										
ON023025.1	4028	REF	ref	T		17	17	1.0	58.8235294117647	56.705882352941174	7	10						false										
ON023025.1	4029	REF	ref	T		17	17	1.0	58.8235294117647	56.705882352941174	7	10						false										
ON023025.1	4030	REF	ref	T		17	17	1.0	58.8235294117647	56.705882352941174	7	10						false										
ON023025.1	4031	REF	ref	T		17	17	1.0	57.88235294117647	56.705882352941174	7	10						false										
ON023025.1	4032	REF	ref	A		17	17	1.0	57.88235294117647	56.705882352941174	7	10						false										
ON023025.1	4033	REF	ref	T		17	17	1.0	57.88235294117647	56.705882352941174	7	10						false										
ON023025.1	4034	REF	ref	G		17	17	1.0	58.8235294117647	56.705882352941174	7	10						false										
ON023025.1	4035	REF	ref	A		17	17	1.0	57.88235294117647	56.705882352941174	7	10						false										
ON023025.1	4036	REF	ref	A		17	17	1.0	58.8235294117647	56.705882352941174	7	10						false										
ON023025.1	4037	REF	ref	A		17	17	1.0	57.88235294117647	56.705882352941174	7	10						false										
ON023025.1	4038	REF	ref	T		17	17	1.0	58.8235294117647	56.705882352941174	7	10						false										
ON023025.1	4039	REF	ref	G		17	17	1.0	58.8235294117647	56.705882352941174	7	10						false										
ON023025.1	4040	REF	ref	T		17	17	1.0	58.8235294117647	56.705882352941174	7	10						false										
ON023025.1	4041	REF	ref	A		17	17	1.0	58.8235294117647	56.705882352941174	7	10						false										
ON023025.1	4042	REF	ref	C		17	17	1.0	58.8235294117647	56.705882352941174	7	10						false										
ON023025.1	4043	REF	ref	A		17	17	1.0	58.8235294117647	56.705882352941174	7	10						false										
ON023025.1	4044	REF	ref	A		17	17	1.0	57.88235294117647	56.705882352941174	7	10						false										
ON023025.1	4045	REF	ref	C		17	17	1.0	58.8235294117647	56.705882352941174	7	10						false										
ON023025.1	4046	REF	ref	C		17	17	1.0	58.8235294117647	56.705882352941174	7	10						false										
ON023025.1	4047	REF	ref	C		17	17	1.0	57.88235294117647	56.705882352941174	7	10						false										
ON023025.1	4048	REF	ref	C		16	0	0.0			0	0						false										
ON023025.1	4048	SNV	alt	C	T	16	16	1.0	57.5	56.5	0	0	6	10	1.0	Ts		true	VP1	gene-VP1	+	CCC	CCT	P	P	482	3	synonymous
ON023025.1	4048	SNV	alt	C	T	16	16	1.0	57.5	56.5	0	0	6	10	1.0	Ts		true	VP2	gene-VP2	+	CCC	CCT	P	P	255	3	synonymous
ON023025.1	4049	REF	ref	C		17	17	1.0	57.88235294117647	56.705882352941174	7	10						false										
ON023025.1	4050	REF	ref	T		17	17	1.0	57.88235294117647	56.705882352941174	7	10						false										
ON023025.1	4051	REF	ref	G		17	17	1.0	57.88235294117647	56.705882352941174	7	10						false										
ON023025.1	4052	REF	ref	T		17	17	1.0	58.8235294117647	56.705882352941174	7	10						false										
ON023025.1	4053	REF	ref	A		17	17	1.0	57.0	56.705882352941174	7	10						false										
ON023025.1	4054	REF	ref	T		17	17	1.0	58.8235294117647	56.705882352941174	7	10						false										
ON023025.1	4055	REF	ref	G		17	17	1.0	58.8235294117647	56.705882352941174	7	10						false										
ON023025.1	4056	REF	ref	G		17	17	1.0	58.8235294117647	56.705882352941174	7	10						false										
ON023025.1	4057	REF	ref	G		17	17	1.0	58.8235294117647	56.705882352941174	7	10						false										
ON023025.1	4058	REF	ref	T		17	17	1.0	58.8235294117647	56.705882352941174	7	10						false										
ON023025.1	4059	REF	ref	C		17	17	1.0	58.8235294117647	56.705882352941174	7	10						false										
ON023025.1	4060	REF	ref	C		17	17	1.0	58.8235294117647	56.705882352941174	7	10						false										
ON023025.1	4061	REF	ref	C		17	17	1.0	56.05882352941177	56.705882352941174	7	10						false										
ON023025.1	4062	REF	ref	G		17	17	1.0	58.8235294117647	56.705882352941174	7	10						false										
ON023025.1	4063	REF	ref	T		17	17	1.0	58.8235294117647	56.705882352941174	7	10						false										
ON023025.1	4064	REF	ref	T		17	17	1.0	58.8235294117647	56.705882352941174	7	10						false										
ON023025.1	4065	REF	ref	T		17	17	1.0	57.88235294117647	56.705882352941174	7	10						false										
ON023025.1	4066	REF	ref	A		17	17	1.0	57.88235294117647	56.705882352941174	7	10						false										
ON023025.1	4067	REF	ref	G		17	17	1.0	57.88235294117647	56.705882352941174	7	10						false										
ON023025.1	4068	REF	ref	G		17	17	1.0	56.470588235294116	56.705882352941174	6	11						false										
ON023025.1	4069	REF	ref	G		17	17	1.0	55.529411764705884	56.705882352941174	6	11						false										
ON023025.1	4070	REF	ref	G		17	17	1.0	56.470588235294116	56.705882352941174	6	11						false										
ON023025.1	4071	REF	ref	T		17	17	1.0	56.470588235294116	56.705882352941174	6	11						false										
ON023025.1	4072	REF	ref	A		17	17	1.0	56.470588235294116	56.705882352941174	6	11						false										
ON023025.1	4073	REF	ref	C		17	17	1.0	56.470588235294116	56.705882352941174	6	11						false										
ON023025.1	4074	REF	ref	C		17	17	1.0	55.529411764705884	56.705882352941174	6	11						false										
ON023025.1	4075	REF	ref	T		16	16	1.0	57.5	56.5	6	10						false										
ON023025.1	4076	REF	ref	G		17	17	1.0	56.470588235294116	56.705882352941174	6	11						false										
ON023025.1	4077	REF	ref	A		17	17	1.0	56.470588235294116	56.705882352941174	6	11						false										
ON023025.1	4078	REF	ref	C		17	17	1.0	56.470588235294116	56.705882352941174	6	11						false										
ON023025.1	4079	REF	ref	A		17	17	1.0	56.470588235294116	56.705882352941174	6	11						false										
ON023025.1	4080	REF	ref	C		17	17	1.0	56.470588235294116	56.705882352941174	6	11						false										
ON023025.1	4081	REF	ref	A		17	17	1.0	56.470588235294116	56.705882352941174	6	11						false										
ON023025.1	4082	REF	ref	C		17	17	1.0	56.470588235294116	56.705882352941174	6	11						false										
ON023025.1	4083	REF	ref	T		17	17	1.0	55.529411764705884	56.705882352941174	6	11						false										
ON023025.1	4084	REF	ref	A		17	17	1.0	55.529411764705884	56.705882352941174	6	11						false										
ON023025.1	4085	REF	ref	G		17	17	1.0	55.529411764705884	56.705882352941174	6	11						false										
ON023025.1	4086	REF	ref	G		17	17	1.0	55.529411764705884	56.705882352941174	6	11						false										
ON023025.1	4087	REF	ref	G		17	17	1.0	56.470588235294116	56.705882352941174	6	11						false										
ON023025.1	4088	REF	ref	G		17	17	1.0	56.470588235294116	56.705882352941174	6	11						false										
ON023025.1	4089	REF	ref	G		17	17	1.0	56.470588235294116	56.705882352941174	6	11						false										
ON023025.1	4090	REF	ref	G		17	17	1.0	56.470588235294116	56.705882352941174	6	11						false										
ON023025.1	4091	REF	ref	G		17	17	1.0	56.470588235294116	56.705882352941174	6	11						false										
ON023025.1	4092	REF	ref	A		17	17	1.0	56.470588235294116	56.705882352941174	6	11						false										
ON023025.1	4093	REF	ref	C		17	17	1.0	56.470588235294116	56.705882352941174	6	11						false										
ON023025.1	4094	REF	ref	C		17	17	1.0	55.529411764705884	56.705882352941174	6	11						false										
ON023025.1	4095	REF	ref	C		17	17	1.0	55.529411764705884	56.705882352941174	6	11						false										
ON023025.1	4096	REF	ref	T		17	17	1.0	56.470588235294116	56.705882352941174	6	11						false										
ON023025.1	4097	REF	ref	A		17	17	1.0	56.470588235294116	56.705882352941174	6	11						false										
ON023025.1	4098	REF	ref	A		17	17	1.0	56.470588235294116	56.705882352941174	6	11						false										
ON023025.1	4099	REF	ref	A		17	17	1.0	56.470588235294116	56.705882352941174	6	11						false										
ON023025.1	4100	REF	ref	T		17	17	1.0	56.470588235294116	56.705882352941174	6	11						false										
ON023025.1	4101	REF	ref	T		17	17	1.0	56.470588235294116	56.705882352941174	6	11						false										
ON023025.1	4102	REF	ref	T		17	17	1.0	56.470588235294116	56.705882352941174	6	11						false										
ON023025.1	4103	REF	ref	A		17	17	1.0	56.470588235294116	56.705882352941174	6	11						false										
ON023025.1	4104	REF	ref	G		17	17	1.0	56.470588235294116	56.705882352941174	6	11						false										
ON023025.1	4105	REF	ref	A		17	17	1.0	56.470588235294116	56.705882352941174	6	11						false										
ON023025.1	4106	REF	ref	T		16	16	1.0	57.5	56.5	6	10						false										
ON023025.1	4107	REF	ref	C		17	17	1.0	54.588235294117645	56.705882352941174	6	11						false										
ON023025.1	4108	REF	ref	A		17	17	1.0	56.470588235294116	56.705882352941174	6	11						false										
ON023025.1	4109	REF	ref	T		17	17	1.0	56.470588235294116	56.705882352941174	6	11						false										
ON023025.1	4110	REF	ref	T		17	17	1.0	56.470588235294116	56.705882352941174	6	11						false										
ON023025.1	4111	REF	ref	A		17	17	1.0	56.470588235294116	56.705882352941174	6	11						false										
ON023025.1	4112	REF	ref	A		17	17	1.0	56.470588235294116	56.705882352941174	6	11						false										
ON023025.1	4113	REF	ref	C		17	17	1.0	56.470588235294116	56.705882352941174	6	11						false										
ON023025.1	4114	REF	ref	T		17	17	1.0	56.470588235294116	56.705882352941174	6	11						false										
ON023025.1	4115	REF	ref	C		17	17	1.0	56.470588235294116	56.705882352941174	6	11						false										
ON023025.1	4116	REF	ref	A		17	17	1.0	56.470588235294116	56.705882352941174	6	11						false										
ON023025.1	4117	REF	ref	C		17	17	1.0	56.470588235294116	56.705882352941174	6	11						false										
ON023025.1	4118	REF	ref	G		17	17	1.0	55.529411764705884	56.705882352941174	6	11						false										
ON023025.1	4119	REF	ref	A		17	17	1.0	55.529411764705884	56.705882352941174	6	11						false										
ON023025.1	4120	REF	ref	A		17	17	1.0	56.470588235294116	56.705882352941174	6	11						false										
ON023025.1	4121	REF	ref	G		17	17	1.0	56.470588235294116	56.705882352941174	6	11						false										
ON023025.1	4122	REF	ref	A		17	17	1.0	56.470588235294116	56.705882352941174	6	11						false										
ON023025.1	4123	REF	ref	C		17	17	1.0	56.470588235294116	56.705882352941174	6	11						false										
ON023025.1	4124	REF	ref	C		17	17	1.0	56.470588235294116	56.705882352941174	6	11						false										
ON023025.1	4125	REF	ref	A		17	17	1.0	56.470588235294116	56.705882352941174	6	11						false										
ON023025.1	4126	REF	ref	T		17	17	1.0	56.470588235294116	56.705882352941174	6	11						false										
ON023025.1	4127	REF	ref	G		17	17	1.0	56.470588235294116	56.705882352941174	6	11						false										
ON023025.1	4128	REF	ref	C		10	10	1.0	40.0	60.0	4	6						false										
ON023025.1	4129	REF	ref	A		6	6	1.0	40.0	60.0	0	6						false										
ON023025.1	4130	REF	ref	A		6	6	1.0	40.0	60.0	0	6						false										
ON023025.1	4131	REF	ref	T		6	6	1.0	40.0	60.0	0	6						false										
ON023025.1	4132	REF	ref	C		6	0	0.0			0	0						false										
ON023025.1	4132	SNV	alt	C	T	6	6	1.0	40.0	60.0	0	0	0	6	1.0	Ts		true	VP1	gene-VP1	+	ATC	ATT	I	I	510	3	synonymous
ON023025.1	4132	SNV	alt	C	T	6	6	1.0	40.0	60.0	0	0	0	6	1.0	Ts		true	VP2	gene-VP2	+	ATC	ATT	I	I	283	3	synonymous
ON023025.1	4133	REF	ref	C		6	6	1.0	40.0	60.0	0	6						false										
ON023025.1	4134	REF	ref	A		6	6	1.0	40.0	60.0	0	6						false										
ON023025.1	4135	REF	ref	G		6	6	1.0	40.0	60.0	0	6						false										
ON023025.1	4136	REF	ref	C		6	6	1.0	40.0	60.0	0	6						false										
ON023025.1	4137	REF	ref	C		6	6	1.0	37.333333333333336	60.0	0	6						false										
ON023025.1	4138	REF	ref	A		6	6	1.0	40.0	60.0	0	6						false										
ON023025.1	4139	REF	ref	C		6	6	1.0	37.333333333333336	60.0	0	6						false										
ON023025.1	4140	REF	ref	A		6	6	1.0	37.333333333333336	60.0	0	6						false										
ON023025.1	4141	REF	ref	A		6	6	1.0	37.333333333333336	60.0	0	6						false										
ON023025.1	4142	REF	ref	A		6	6	1.0	40.0	60.0	0	6						false										
ON023025.1	4143	REF	ref	A		6	6	1.0	40.0	60.0	0	6						false										
ON023025.1	4144	REF	ref	C		6	6	1.0	37.333333333333336	60.0	0	6						false										
ON023025.1	4145	REF	ref	T		6	6	1.0	40.0	60.0	0	6						false										
ON023025.1	4146	REF	ref	T		5	5	1.0	40.0	60.0	0	5						false										
ON023025.1	4220	REF	ref	C		18	18	1.0	40.0	60.0	0	18						false										
ON023025.1	4221	REF	ref	T		18	18	1.0	39.111111111111114	60.0	0	18						false										
ON023025.1	4222	REF	ref	T		18	18	1.0	40.0	60.0	0	18						false										
ON023025.1	4223	REF	ref	A		18	18	1.0	40.0	60.0	0	18						false										
ON023025.1	4224	REF	ref	C		18	18	1.0	40.0	60.0	0	18						false										
ON023025.1	4225	REF	ref	G		18	18	1.0	38.22222222222222	60.0	0	18						false										
ON023025.1	4226	REF	ref	G		18	18	1.0	40.0	60.0	0	18						false										
ON023025.1	4227	REF	ref	G		18	18	1.0	40.0	60.0	0	18						false										
ON023025.1	4228	REF	ref	G		18	18	1.0	40.0	60.0	0	18						false										
ON023025.1	4229	REF	ref	C		18	18	1.0	40.0	60.0	0	18						false										
ON023025.1	4230	REF	ref	T		18	18	1.0	40.0	60.0	0	18						false										
ON023025.1	4231	REF	ref	T		18	18	1.0	40.0	60.0	0	18						false										
ON023025.1	4232	REF	ref	A		18	18	1.0	40.0	60.0	0	18						false										
ON023025.1	4233	REF	ref	G		18	18	1.0	39.111111111111114	60.0	0	18						false										
ON023025.1	4234	REF	ref	T		18	18	1.0	40.0	60.0	0	18						false										
ON023025.1	4235	REF	ref	A		18	18	1.0	40.0	60.0	0	18						false										
ON023025.1	4236	REF	ref	C		18	18	1.0	40.0	60.0	0	18						false										
ON023025.1	4237	REF	ref	T		18	18	1.0	40.0	60.0	0	18						false										
ON023025.1	4238	REF	ref	G		18	18	1.0	40.0	60.0	0	18						false										
ON023025.1	4239	REF	ref	G		18	18	1.0	40.0	60.0	0	18						false										
ON023025.1	4240	REF	ref	C		18	18	1.0	40.0	60.0	0	18						false										
ON023025.1	4241	REF	ref	A		18	18	1.0	40.0	60.0	0	18						false										
ON023025.1	4242	REF	ref	C		18	18	1.0	40.0	60.0	0	18						false										
ON023025.1	4243	REF	ref	T		18	18	1.0	40.0	60.0	0	18						false										
ON023025.1	4244	REF	ref	A		18	18	1.0	40.0	60.0	0	18						false										
ON023025.1	4245	REF	ref	G		18	18	1.0	40.0	60.0	0	18						false										
ON023025.1	4246	REF	ref	T		18	18	1.0	40.0	60.0	0	18						false										
ON023025.1	4247	REF	ref	C		28	28	1.0	40.0	60.0	10	18						false										
ON023025.1	4248	REF	ref	A		28	28	1.0	40.0	60.0	10	18						false										
ON023025.1	4249	REF	ref	A		28	28	1.0	40.0	60.0	10	18						false										
ON023025.1	4250	REF	ref	A		28	28	1.0	40.0	60.0	10	18						false										
ON023025.1	4251	REF	ref	G		28	28	1.0	40.0	60.0	10	18						false										
ON023025.1	4252	REF	ref	C		28	28	1.0	40.0	60.0	10	18						false										
ON023025.1	4253	REF	ref	A		28	28	1.0	40.0	60.0	10	18						false										
ON023025.1	4254	REF	ref	C		28	28	1.0	40.0	60.0	10	18						false										
ON023025.1	4255	REF	ref	C		28	28	1.0	40.0	60.0	10	18						false										
ON023025.1	4256	REF	ref	A		28	28	1.0	40.0	60.0	10	18						false										
ON023025.1	4257	REF	ref	G		28	28	1.0	40.0	60.0	10	18						false										
ON023025.1	4258	REF	ref	A		28	28	1.0	40.0	60.0	10	18						false										
ON023025.1	4259	REF	ref	A		28	28	1.0	40.0	60.0	10	18						false										
ON023025.1	4260	REF	ref	T		28	28	1.0	40.0	60.0	10	18						false										
ON023025.1	4261	REF	ref	A		28	28	1.0	40.0	60.0	10	18						false										
ON023025.1	4262	REF	ref	T		37	37	1.0	40.0	60.0	19	18						false										
ON023025.1	4263	REF	ref	C		37	37	1.0	40.0	60.0	19	18						false										
ON023025.1	4264	REF	ref	C		37	37	1.0	40.0	60.0	19	18						false										
ON023025.1	4265	REF	ref	C		37	37	1.0	40.0	60.0	19	18						false										
ON023025.1	4266	REF	ref	T		37	37	1.0	40.0	60.0	19	18						false										
ON023025.1	4267	REF	ref	G		37	37	1.0	40.0	60.0	19	18						false										
ON023025.1	4268	REF	ref	C		37	37	1.0	40.0	60.0	19	18						false										
ON023025.1	4269	REF	ref	G		37	37	1.0	40.0	60.0	19	18						false										
ON023025.1	4270	REF	ref	C		37	0	0.0			0	0						false										
ON023025.1	4270	SNV	alt	C	T	37	37	1.0	40.0	60.0	0	0	19	18	1.0	Ts		true	VP1	gene-VP1	+	CGC	CGT	R	R	556	3	synonymous
ON023025.1	4270	SNV	alt	C	T	37	37	1.0	40.0	60.0	0	0	19	18	1.0	Ts		true	VP2	gene-VP2	+	CGC	CGT	R	R	329	3	synonymous
ON023025.1	4271	REF	ref	C		37	37	1.0	40.0	60.0	19	18						false										
ON023025.1	4272	REF	ref	C		37	37	1.0	40.0	60.0	19	18						false										
ON023025.1	4273	REF	ref	A		37	37	1.0	40.0	60.0	19	18						false										
ON023025.1	4274	REF	ref	G		37	37	1.0	40.0	60.0	19	18						false										
ON023025.1	4275	REF	ref	G		37	37	1.0	40.0	60.0	19	18						false										
ON023025.1	4276	REF	ref	G		37	37	1.0	39.567567567567565	60.0	19	18						false										
ON023025.1	4277	REF	ref	C		37	37	1.0	39.13513513513514	60.0	19	18						false										
ON023025.1	4278	REF	ref	C		37	37	1.0	40.0	60.0	19	18						false										
ON023025.1	4279	REF	ref	A		37	37	1.0	40.0	60.0	19	18						false										
ON023025.1	4280	REF	ref	G		37	37	1.0	40.0	60.0	19	18						false										
ON023025.1	4281	REF	ref	T		37	37	1.0	40.0	60.0	19	18						false										
ON023025.1	4282	REF	ref	G		37	37	1.0	40.0	60.0	19	18						false										
ON023025.1	4283	REF	ref	T		37	37	1.0	40.0	60.0	19	18						false										
ON023025.1	4284	REF	ref	C		37	37	1.0	40.0	60.0	19	18						false										
ON023025.1	4285	REF	ref	A		37	0	0.0			0	0						false										
ON023025.1	4285	SNV	alt	A	T	37	37	1.0	40.0	60.0	0	0	19	18	1.0	Tv		true	VP1	gene-VP1	+	TCA	TCT	S	S	561	3	synonymous
ON023025.1	4285	SNV	alt	A	T	37	37	1.0	40.0	60.0	0	0	19	18	1.0	Tv		true	VP2	gene-VP2	+	TCA	TCT	S	S	334	3	synonymous
ON023025.1	4286	REF	ref	C		37	37	1.0	39.567567567567565	60.0	19	18						false										
ON023025.1	4287	REF	ref	A		37	37	1.0	40.0	60.0	19	18						false										
ON023025.1	4288	REF	ref	G		37	37	1.0	40.0	60.0	19	18						false										
ON023025.1	4289	REF	ref	C		37	37	1.0	40.0	60.0	19	18						false										
ON023025.1	4290	REF	ref	C		41	41	1.0	40.0	60.0	19	22						false										
ON023025.1	4291	REF	ref	A		41	41	1.0	40.0	60.0	19	22						false										
ON023025.1	4292	REF	ref	T		40	40	1.0	40.0	60.0	18	22						false										
ON023025.1	4293	REF	ref	A		41	40	0.975609756097561	40.0	60.0	18	22						false										
ON023025.1	4293	SNV	alt	A	G	41	1	0.024390243902439025	40.0	60.0	18	22	1	0	0.46341463414633843	Ts		true	VP1	gene-VP1	+	TAC	TGC	Y	C	564	2	missense
ON023025.1	4293	SNV	alt	A	G	41	1	0.024390243902439025	40.0	60.0	18	22	1	0	0.46341463414633843	Ts		true	VP2	gene-VP2	+	TAC	TGC	Y	C	337	2	missense
ON023025.1	4294	REF	ref	C		50	50	1.0	39.68	60.0	28	22						false										
ON023025.1	4295	REF	ref	C		50	50	1.0	40.0	60.0	28	22						false										
ON023025.1	4296	REF	ref	A		50	50	1.0	40.0	60.0	28	22						false										
ON023025.1	4297	REF	ref	T		50	50	1.0	40.0	60.0	28	22						false										
ON023025.1	4298	REF	ref	C		50	50	1.0	40.0	60.0	28	22						false										
ON023025.1	4299	REF	ref	A		50	50	1.0	40.0	60.0	28	22						false										
ON023025.1	4300	REF	ref	C		49	49	1.0	40.0	60.0	27	22						false										
ON023025.1	4301	REF	ref	T		50	50	1.0	40.0	60.0	28	22						false										
ON023025.1	4302	REF	ref	G		48	48	1.0	38.333333333333336	60.0	28	20						false										
ON023025.1	4303	REF	ref	G		50	50	1.0	40.0	60.0	28	22						false										
ON023025.1	4304	REF	ref	G		50	50	1.0	40.0	60.0	28	22						false										
ON023025.1	4305	REF	ref	A		50	50	1.0	40.0	60.0	28	22						false										
ON023025.1	4306	REF	ref	C		50	50	1.0	40.0	60.0	28	22						false										
ON023025.1	4307	REF	ref	A		50	50	1.0	40.0	60.0	28	22						false										
ON023025.1	4308	REF	ref	C		50	50	1.0	40.0	60.0	28	22						false										
ON023025.1	4309	REF	ref	T		50	50	1.0	40.0	60.0	28	22						false										
ON023025.1	4310	REF	ref	G		50	50	1.0	40.0	60.0	28	22						false										
ON023025.1	4311	REF	ref	A		50	50	1.0	40.0	60.0	28	22						false										
ON023025.1	4312	REF	ref	T		50	50	1.0	40.0	60.0	28	22						false										
ON023025.1	4313	REF	ref	A		50	50	1.0	40.0	60.0	28	22						false										
ON023025.1	4314	REF	ref	A		50	50	1.0	40.0	60.0	28	22						false										
ON023025.1	4315	REF	ref	G		50	0	0.0			0	0						false										
ON023025.1	4315	SNV	alt	G	A	50	50	1.0	40.0	60.0	0	0	28	22	1.0	Ts		true	VP1	gene-VP1	+	AAG	AAA	K	K	571	3	synonymous
ON023025.1	4315	SNV	alt	G	A	50	50	1.0	40.0	60.0	0	0	28	22	1.0	Ts		true	VP2	gene-VP2	+	AAG	AAA	K	K	344	3	synonymous
ON023025.1	4316	REF	ref	T		50	50	1.0	40.0	60.0	28	22						false										
ON023025.1	4317	REF	ref	A		50	50	1.0	40.0	60.0	28	22						false										
ON023025.1	4318	REF	ref	T		50	50	1.0	40.0	60.0	28	22						false										
ON023025.1	4319	REF	ref	G		50	50	1.0	40.0	60.0	28	22						false										
ON023025.1	4320	REF	ref	T		50	50	1.0	39.68	60.0	28	22						false										
ON023025.1	4321	REF	ref	C		50	50	1.0	40.0	60.0	28	22						false										
ON023025.1	4322	REF	ref	A		50	50	1.0	40.0	60.0	28	22						false										
ON023025.1	4323	REF	ref	C		50	50	1.0	39.36	60.0	28	22						false										
ON023025.1	4324	REF	ref	A		50	50	1.0	40.0	60.0	28	22						false										
ON023025.1	4325	REF	ref	G		50	50	1.0	40.0	60.0	28	22						false										
ON023025.1	4326	REF	ref	G		50	50	1.0	40.0	60.0	28	22						false										
ON023025.1	4327	REF	ref	A		50	50	1.0	40.0	60.0	28	22						false										
ON023025.1	4328	REF	ref	A		50	50	1.0	40.0	60.0	28	22						false										
ON023025.1	4329	REF	ref	T		50	50	1.0	40.0	60.0	28	22						false										
ON023025.1	4330	REF	ref	A		50	50	1.0	40.0	60.0	28	22						false										
ON023025.1	4331	REF	ref	A		50	48	0.96	40.0	60.0	26	22						false										
ON023025.1	4331	SNV	alt	A	G	50	2	0.04	40.0	60.0	26	22	2	0	0.49714285714283896	Ts		true	VP1	gene-VP1	+	AAT	GAT	N	D	577	1	missense
ON023025.1	4331	SNV	alt	A	G	50	2	0.04	40.0	60.0	26	22	2	0	0.49714285714283896	Ts		true	VP2	gene-VP2	+	AAT	GAT	N	D	350	1	missense
ON023025.1	4332	REF	ref	A		50	50	1.0	40.0	60.0	28	22						false										
ON023025.1	4333	REF	ref	T		50	50	1.0	40.0	60.0	28	22						false										
ON023025.1	4334	REF	ref	G		50	50	1.0	40.0	60.0	28	22						false										
ON023025.1	4335	REF	ref	C		50	50	1.0	40.0	60.0	28	22						false										
ON023025.1	4336	REF	ref	T		50	50	1.0	40.0	60.0	28	22						false										
ON023025.1	4337	REF	ref	A		49	49	1.0	40.0	60.0	28	21						false										
ON023025.1	4338	REF	ref	T		50	50	1.0	40.0	60.0	28	22						false										
ON023025.1	4339	REF	ref	T		50	50	1.0	40.0	60.0	28	22						false										
ON023025.1	4340	REF	ref	T		50	50	1.0	40.0	60.0	28	22						false										
ON023025.1	4341	REF	ref	C		50	50	1.0	47.2	60.0	26	24						false										
ON023025.1	4342	REF	ref	A		50	50	1.0	47.2	60.0	26	24						false										
ON023025.1	4343	REF	ref	C		50	50	1.0	47.2	60.0	26	24						false										
ON023025.1	4344	REF	ref	A		50	50	1.0	47.2	60.0	26	24						false										
ON023025.1	4345	REF	ref	C		50	50	1.0	47.2	60.0	26	24						false										
ON023025.1	4346	REF	ref	G		50	50	1.0	47.2	60.0	26	24						false										
ON023025.1	4347	REF	ref	G		50	50	1.0	47.2	60.0	26	24						false										
ON023025.1	4348	REF	ref	A		50	0	0.0			0	0						false										
ON023025.1	4348	SNV	alt	A	G	50	50	1.0	47.2	60.0	0	0	26	24	1.0	Ts		true	VP1	gene-VP1	+	GGA	GGG	G	G	582	3	synonymous
ON023025.1	4348	SNV	alt	A	G	50	50	1.0	47.2	60.0	0	0	26	24	1.0	Ts		true	VP2	gene-VP2	+	GGA	GGG	G	G	355	3	synonymous
ON023025.1	4349	REF	ref	C		50	50	1.0	47.2	60.0	26	24						false										
ON023025.1	4350	REF	ref	A		50	50	1.0	47.2	60.0	26	24						false										
ON023025.1	4351	REF	ref	A		50	50	1.0	47.2	60.0	26	24						false										
ON023025.1	4352	REF	ref	A		50	50	1.0	47.2	60.0	26	24						false										
ON023025.1	4353	REF	ref	C		50	50	1.0	47.2	60.0	26	24						false										
ON023025.1	4354	REF	ref	C		50	50	1.0	47.2	60.0	26	24						false										
ON023025.1	4355	REF	ref	A		50	50	1.0	47.2	60.0	26	24						false										
ON023025.1	4356	REF	ref	C		50	50	1.0	46.88	60.0	26	24						false										
ON023025.1	4357	REF	ref	T		50	50	1.0	47.2	60.0	26	24						false										
ON023025.1	4358	REF	ref	T		50	50	1.0	47.2	60.0	26	24						false										
ON023025.1	4359	REF	ref	A		50	50	1.0	47.2	60.0	26	24						false										
ON023025.1	4360	REF	ref	T		50	50	1.0	47.2	60.0	26	24						false										
ON023025.1	4361	REF	ref	G		50	50	1.0	47.2	60.0	26	24						false										
ON023025.1	4362	REF	ref	G		50	50	1.0	47.2	60.0	26	24						false										
ON023025.1	4363	REF	ref	A		50	50	1.0	47.2	60.0	26	24						false										
ON023025.1	4364	REF	ref	A		50	50	1.0	47.2	60.0	26	24						false										
ON023025.1	4365	REF	ref	A		50	50	1.0	47.2	60.0	26	24						false										
ON023025.1	4366	REF	ref	T		50	50	1.0	47.2	60.0	26	24						false										
ON023025.1	4367	REF	ref	G		50	50	1.0	47.2	60.0	26	24						false										
ON023025.1	4368	REF	ref	C		50	50	1.0	47.2	60.0	26	24						false										
ON023025.1	4369	REF	ref	T		50	50	1.0	47.2	60.0	26	24						false										
ON023025.1	4370	REF	ref	G		50	50	1.0	47.2	60.0	26	24						false										
ON023025.1	4371	REF	ref	A		32	32	1.0	51.25	60.0	26	6						false										
ON023025.1	4372	REF	ref	A		32	32	1.0	51.25	60.0	26	6						false										
ON023025.1	4373	REF	ref	G		32	32	1.0	51.25	60.0	26	6						false										
ON023025.1	4374	REF	ref	A		32	32	1.0	51.25	60.0	26	6						false										
ON023025.1	4375	REF	ref	C		32	32	1.0	50.25	60.0	26	6						false										
ON023025.1	4376	REF	ref	A		32	32	1.0	51.25	60.0	26	6						false										
ON023025.1	4377	REF	ref	A		32	32	1.0	51.25	60.0	26	6						false										
ON023025.1	4378	REF	ref	A		32	32	1.0	51.25	60.0	26	6						false										
ON023025.1	4379	REF	ref	G		32	32	1.0	51.25	60.0	26	6						false										
ON023025.1	4380	REF	ref	A		32	32	1.0	51.25	60.0	26	6						false										
ON023025.1	4381	REF	ref	G		32	32	1.0	51.25	60.0	26	6						false										
ON023025.1	4382	REF	ref	T		32	32	1.0	51.25	60.0	26	6						false										
ON023025.1	4383	REF	ref	A		32	32	1.0	51.25	60.0	26	6						false										
ON023025.1	4384	REF	ref	T		32	32	1.0	51.25	60.0	26	6						false										
ON023025.1	4385	REF	ref	C		32	32	1.0	51.25	60.0	26	6						false										
ON023025.1	4386	REF	ref	A		32	32	1.0	51.25	60.0	26	6						false										
ON023025.1	4387	REF	ref	G		32	32	1.0	51.25	60.0	26	6						false										
ON023025.1	4388	REF	ref	C		32	32	1.0	51.25	60.0	26	6						false										
ON023025.1	4389	REF	ref	A		32	32	1.0	51.25	60.0	26	6						false										
ON023025.1	4390	REF	ref	A		32	32	1.0	51.25	60.0	26	6						false										
ON023025.1	4391	REF	ref	G		32	32	1.0	51.25	60.0	26	6						false										
ON023025.1	4392	REF	ref	G		32	32	1.0	51.25	60.0	26	6						false										
ON023025.1	4393	REF	ref	G		32	32	1.0	51.25	60.0	26	6						false										
ON023025.1	4394	REF	ref	G		32	32	1.0	50.75	60.0	26	6						false										
ON023025.1	4395	REF	ref	T		32	32	1.0	51.25	60.0	26	6						false										
ON023025.1	4396	REF	ref	A		32	32	1.0	51.25	60.0	26	6						false										
ON023025.1	4397	REF	ref	G		32	32	1.0	51.25	60.0	26	6						false										
ON023025.1	4398	REF	ref	G		22	22	1.0	55.63636363636363	60.0	16	6						false										
ON023025.1	4399	REF	ref	A		22	22	1.0	56.36363636363637	60.0	16	6						false										
ON023025.1	4400	REF	ref	A		22	22	1.0	56.36363636363637	60.0	16	6						false										
ON023025.1	4401	REF	ref	G		22	22	1.0	56.36363636363637	60.0	16	6						false										
ON023025.1	4402	REF	ref	A		22	22	1.0	56.36363636363637	60.0	16	6						false										
ON023025.1	4403	REF	ref	T		22	22	1.0	56.36363636363637	60.0	16	6						false										
ON023025.1	4404	REF	ref	T		22	22	1.0	56.36363636363637	60.0	16	6						false										
ON023025.1	4405	REF	ref	C		22	22	1.0	55.63636363636363	60.0	16	6						false										
ON023025.1	4406	REF	ref	C		22	22	1.0	56.36363636363637	60.0	16	6						false										
ON023025.1	4407	REF	ref	C		22	22	1.0	55.63636363636363	60.0	16	6						false										
ON023025.1	4408	REF	ref	A		22	22	1.0	56.36363636363637	60.0	16	6						false										
ON023025.1	4409	REF	ref	A		22	22	1.0	56.36363636363637	60.0	16	6						false										
ON023025.1	4410	REF	ref	A		22	22	1.0	56.36363636363637	60.0	16	6						false										
ON023025.1	4411	REF	ref	T		22	22	1.0	56.36363636363637	60.0	16	6						false										
ON023025.1	4412	REF	ref	G		22	22	1.0	56.36363636363637	60.0	16	6						false										
ON023025.1	4413	REF	ref	A		22	22	1.0	40.0	60.0	9	13						false										
ON023025.1	4414	REF	ref	A		22	22	1.0	40.0	60.0	9	13						false										
ON023025.1	4415	REF	ref	A		22	22	1.0	40.0	60.0	9	13						false										
ON023025.1	4416	REF	ref	A		22	22	1.0	40.0	60.0	9	13						false										
ON023025.1	4417	REF	ref	A		22	22	1.0	40.0	60.0	9	13						false										
ON023025.1	4418	REF	ref	G		22	22	1.0	40.0	60.0	9	13						false										
ON023025.1	4419	REF	ref	A		22	22	1.0	40.0	60.0	9	13						false										
ON023025.1	4420	REF	ref	G		22	22	1.0	40.0	60.0	9	13						false										
ON023025.1	4421	REF	ref	C		22	22	1.0	40.0	60.0	9	13						false										
ON023025.1	4422	REF	ref	A		22	22	1.0	40.0	60.0	9	13						false										
ON023025.1	4423	REF	ref	A		22	0	0.0			0	0						false										
ON023025.1	4423	SNV	alt	A	G	22	22	1.0	39.27272727272727	60.0	0	0	9	13	1.0	Ts		true	VP1	gene-VP1	+	CAA	CAG	Q	Q	607	3	synonymous
ON023025.1	4423	SNV	alt	A	G	22	22	1.0	39.27272727272727	60.0	0	0	9	13	1.0	Ts		true	VP2	gene-VP2	+	CAA	CAG	Q	Q	380	3	synonymous
ON023025.1	4424	REF	ref	C		22	22	1.0	40.0	60.0	9	13						false										
ON023025.1	4425	REF	ref	T		22	22	1.0	40.0	60.0	9	13						false										
ON023025.1	4426	REF	ref	T		22	22	1.0	40.0	60.0	9	13						false										
ON023025.1	4427	REF	ref	A		22	22	1.0	40.0	60.0	9	13						false										
ON023025.1	4428	REF	ref	A		22	22	1.0	40.0	60.0	9	13						false										
ON023025.1	4429	REF	ref	A		22	22	1.0	40.0	60.0	9	13						false										
ON023025.1	4430	REF	ref	C		35	35	1.0	39.542857142857144	60.0	22	13						false										
ON023025.1	4431	REF	ref	A		35	35	1.0	40.0	60.0	22	13						false										
ON023025.1	4432	REF	ref	G		35	35	1.0	40.0	60.0	22	13						false										
ON023025.1	4433	REF	ref	T		35	35	1.0	40.0	60.0	22	13						false										
ON023025.1	4434	REF	ref	T		35	35	1.0	40.0	60.0	22	13						false										
ON023025.1	4435	REF	ref	A		35	0	0.0			0	0						false										
ON023025.1	4435	SNV	alt	A	G	35	35	1.0	40.0	60.0	0	0	22	13	1.0	Ts		true	VP1	gene-VP1	+	TTA	TTG	L	L	611	3	synonymous
ON023025.1	4435	SNV	alt	A	G	35	35	1.0	40.0	60.0	0	0	22	13	1.0	Ts		true	VP2	gene-VP2	+	TTA	TTG	L	L	384	3	synonymous
ON023025.1	4436	REF	ref	C		44	44	1.0	36.0	60.0	31	13						false										
ON023025.1	4437	REF	ref	A		43	43	1.0	39.25581395348837	60.0	31	12						false										
ON023025.1	4438	REF	ref	A		44	44	1.0	39.27272727272727	60.0	31	13						false										
ON023025.1	4439	REF	ref	G		44	44	1.0	40.0	60.0	31	13						false										
ON023025.1	4440	REF	ref	G		44	44	1.0	40.0	60.0	31	13						false										
ON023025.1	4441	REF	ref	C		40	40	1.0	40.0	60.0	31	9						false										
ON023025.1	4442	REF	ref	C		40	40	1.0	38.0	60.0	31	9						false										
ON023025.1	4443	REF	ref	T		40	40	1.0	40.0	60.0	31	9						false										
ON023025.1	4444	REF	ref	A		40	40	1.0	40.0	60.0	31	9						false										
ON023025.1	4445	REF	ref	A		31	31	1.0	40.0	60.0	22	9						false										
ON023025.1	4446	REF	ref	A		31	31	1.0	39.483870967741936	60.0	22	9						false										
ON023025.1	4447	REF	ref	C		31	31	1.0	40.0	60.0	22	9						false										
ON023025.1	4448	REF	ref	A		31	31	1.0	40.0	60.0	22	9						false										
ON023025.1	4449	REF	ref	T		31	31	1.0	40.0	60.0	22	9						false										
ON023025.1	4450	REF	ref	T		31	31	1.0	39.483870967741936	60.0	22	9						false										
ON023025.1	4451	REF	ref	C		31	31	1.0	40.0	60.0	22	9						false										
ON023025.1	4452	REF	ref	A		31	31	1.0	40.0	60.0	22	9						false										
ON023025.1	4453	REF	ref	C		37	37	1.0	39.567567567567565	60.0	28	9						false										
ON023025.1	4454	REF	ref	A		36	36	1.0	40.0	60.0	27	9						false										
ON023025.1	4455	REF	ref	C		37	37	1.0	40.0	60.0	28	9						false										
ON023025.1	4456	REF	ref	A		37	37	1.0	40.0	60.0	28	9						false										
ON023025.1	4457	REF	ref	T		37	37	1.0	40.0	60.0	28	9						false										
ON023025.1	4458	REF	ref	A		37	37	1.0	39.567567567567565	60.0	28	9						false										
ON023025.1	4459	REF	ref	C		37	0	0.0			0	0						false										
ON023025.1	4459	SNV	alt	C	T	37	37	1.0	40.0	60.0	0	0	28	9	1.0	Ts		true	VP1	gene-VP1	+	TAC	TAT	Y	Y	619	3	synonymous
ON023025.1	4459	SNV	alt	C	T	37	37	1.0	40.0	60.0	0	0	28	9	1.0	Ts		true	VP2	gene-VP2	+	TAC	TAT	Y	Y	392	3	synonymous
ON023025.1	4460	REF	ref	T		37	37	1.0	40.0	60.0	28	9						false										
ON023025.1	4461	REF	ref	T		37	37	1.0	40.0	60.0	28	9						false										
ON023025.1	4462	REF	ref	T		37	37	1.0	40.0	60.0	28	9						false										
ON023025.1	4463	REF	ref	C		37	37	1.0	40.0	60.0	28	9						false										
ON023025.1	4464	REF	ref	C		37	37	1.0	40.0	60.0	28	9						false										
ON023025.1	4465	REF	ref	A		37	37	1.0	40.0	60.0	28	9						false										
ON023025.1	4466	REF	ref	A		37	37	1.0	40.0	60.0	28	9						false										
ON023025.1	4467	REF	ref	A		47	47	1.0	40.0	60.0	28	19						false										
ON023025.1	4468	REF	ref	T		47	47	1.0	39.659574468085104	60.0	28	19						false										
ON023025.1	4469	REF	ref	A		47	47	1.0	40.0	60.0	28	19						false										
ON023025.1	4470	REF	ref	A		47	47	1.0	40.0	60.0	28	19						false										
ON023025.1	4471	REF	ref	A		47	47	1.0	40.0	60.0	28	19						false										
ON023025.1	4472	REF	ref	G		47	47	1.0	39.659574468085104	60.0	28	19						false										
ON023025.1	4473	REF	ref	G		47	47	1.0	40.0	60.0	28	19						false										
ON023025.1	4474	REF	ref	A		47	0	0.0			0	0						false										
ON023025.1	4474	SNV	alt	A	G	47	47	1.0	40.0	60.0	0	0	28	19	1.0	Ts		true	VP1	gene-VP1	+	GGA	GGG	G	G	624	3	synonymous
ON023025.1	4474	SNV	alt	A	G	47	47	1.0	40.0	60.0	0	0	28	19	1.0	Ts		true	VP2	gene-VP2	+	GGA	GGG	G	G	397	3	synonymous
ON023025.1	4475	REF	ref	A		47	47	1.0	40.0	60.0	28	19						false										
ON023025.1	4476	REF	ref	C		47	47	1.0	40.0	60.0	28	19						false										
ON023025.1	4477	REF	ref	C		47	47	1.0	40.0	60.0	28	19						false										
ON023025.1	4478	REF	ref	C		47	47	1.0	40.0	60.0	28	19						false										
ON023025.1	4479	REF	ref	A		47	45	0.9574468085106383	39.644444444444446	60.0	28	17						false										
ON023025.1	4479	SNV	alt	A	C	47	1	0.02127659574468085	40.0	60.0	28	17	0	1	0.39130434782608237	Tv		true	VP1	gene-VP1	+	CAA	CCA	Q	P	626	2	missense
ON023025.1	4479	SNV	alt	A	C	47	1	0.02127659574468085	40.0	60.0	28	17	0	1	0.39130434782608237	Tv		true	VP2	gene-VP2	+	CAA	CCA	Q	P	399	2	missense
ON023025.1	4479	SNV	alt	A	G	47	1	0.02127659574468085	24.0	60.0	28	17	0	1	0.39130434782608237	Ts		true	VP1	gene-VP1	+	CAA	CGA	Q	R	626	2	missense
ON023025.1	4479	SNV	alt	A	G	47	1	0.02127659574468085	24.0	60.0	28	17	0	1	0.39130434782608237	Ts		true	VP2	gene-VP2	+	CAA	CGA	Q	R	399	2	missense
ON023025.1	4480	REF	ref	A		47	47	1.0	40.0	60.0	28	19						false										
ON023025.1	4481	REF	ref	C		53	53	1.0	40.0	60.0	34	19						false										
ON023025.1	4482	REF	ref	A		53	53	1.0	40.0	60.0	34	19						false										
ON023025.1	4483	REF	ref	A		53	53	1.0	44.528301886792455	60.0	32	21						false										
ON023025.1	4484	REF	ref	T		53	53	1.0	44.528301886792455	60.0	32	21						false										
ON023025.1	4485	REF	ref	A		53	53	1.0	44.528301886792455	60.0	32	21						false										
ON023025.1	4486	REF	ref	C		53	53	1.0	44.528301886792455	60.0	32	21						false										
ON023025.1	4487	REF	ref	A		53	53	1.0	44.528301886792455	60.0	32	21						false										
ON023025.1	4488	REF	ref	C		55	55	1.0	44.36363636363637	60.0	34	21						false										
ON023025.1	4489	REF	ref	A		55	55	1.0	44.07272727272727	60.0	34	21						false										
ON023025.1	4490	REF	ref	G		55	55	1.0	44.07272727272727	60.0	34	21						false										
ON023025.1	4491	REF	ref	A		55	55	1.0	44.36363636363637	60.0	34	21						false										
ON023025.1	4492	REF	ref	T		46	46	1.0	45.21739130434783	60.0	34	12						false										
ON023025.1	4493	REF	ref	C		46	46	1.0	45.21739130434783	60.0	34	12						false										
ON023025.1	4494	REF	ref	A		46	46	1.0	45.21739130434783	60.0	34	12						false										
ON023025.1	4495	REF	ref	A		46	46	1.0	45.21739130434783	60.0	34	12						false										
ON023025.1	4496	REF	ref	A		46	46	1.0	45.21739130434783	60.0	34	12						false										
ON023025.1	4497	REF	ref	T		46	46	1.0	45.21739130434783	60.0	34	12						false										
ON023025.1	4498	REF	ref	T		46	46	1.0	45.21739130434783	60.0	34	12						false										
ON023025.1	4499	REF	ref	G		46	46	1.0	45.21739130434783	60.0	34	12						false										
ON023025.1	4500	REF	ref	A		46	46	1.0	45.21739130434783	60.0	34	12						false										
ON023025.1	4501	REF	ref	A		46	46	1.0	45.21739130434783	60.0	34	12						false										
ON023025.1	4502	REF	ref	C		46	42	0.9130434782608695	45.714285714285715	60.0	30	12						false										
ON023025.1	4502	SNV	alt	C	T	46	4	0.08695652173913043	40.0	60.0	30	12	4	0	0.5599595551061631	Ts		true	VP1	gene-VP1	+	CGC	TGC	R	C	634	1	missense
ON023025.1	4502	SNV	alt	C	T	46	4	0.08695652173913043	40.0	60.0	30	12	4	0	0.5599595551061631	Ts		true	VP2	gene-VP2	+	CGC	TGC	R	C	407	1	missense
ON023025.1	4503	REF	ref	G		46	46	1.0	45.21739130434783	60.0	34	12						false										
ON023025.1	4504	REF	ref	C		46	46	1.0	45.21739130434783	60.0	34	12						false										
ON023025.1	4505	REF	ref	C		46	46	1.0	45.21739130434783	60.0	34	12						false										
ON023025.1	4506	REF	ref	C		46	46	1.0	45.21739130434783	60.0	34	12						false										
ON023025.1	4507	REF	ref	C		46	46	1.0	44.869565217391305	60.0	34	12						false										
ON023025.1	4508	REF	ref	T		46	46	1.0	45.21739130434783	60.0	34	12						false										
ON023025.1	4509	REF	ref	T		46	46	1.0	45.21739130434783	60.0	34	12						false										
ON023025.1	4510	REF	ref	A		46	46	1.0	45.21739130434783	60.0	34	12						false										
ON023025.1	4511	REF	ref	A		46	46	1.0	45.21739130434783	60.0	34	12						false										
ON023025.1	4512	REF	ref	T		46	46	1.0	45.21739130434783	60.0	34	12						false										
ON023025.1	4513	REF	ref	G		46	46	1.0	45.21739130434783	60.0	34	12						false										
ON023025.1	4514	REF	ref	G		46	46	1.0	45.21739130434783	60.0	34	12						false										
ON023025.1	4515	REF	ref	T		45	45	1.0	45.333333333333336	60.0	34	11						false										
ON023025.1	4516	REF	ref	A		46	46	1.0	45.21739130434783	60.0	34	12						false										
ON023025.1	4517	REF	ref	G		46	46	1.0	45.21739130434783	60.0	34	12						false										
ON023025.1	4518	REF	ref	G		46	46	1.0	45.21739130434783	60.0	34	12						false										
ON023025.1	4519	REF	ref	G		46	46	1.0	45.21739130434783	60.0	34	12						false										
ON023025.1	4520	REF	ref	T		46	46	1.0	45.21739130434783	60.0	34	12						false										
ON023025.1	4521	REF	ref	C		46	46	1.0	45.21739130434783	60.0	34	12						false										
ON023025.1	4522	REF	ref	T		46	46	1.0	45.21739130434783	60.0	34	12						false										
ON023025.1	4523	REF	ref	G		46	46	1.0	45.21739130434783	60.0	34	12						false										
ON023025.1	4524	REF	ref	T		46	46	1.0	45.21739130434783	60.0	34	12						false										
ON023025.1	4525	REF	ref	G		46	46	1.0	45.21739130434783	60.0	34	12						false										
ON023025.1	4526	REF	ref	T		46	46	1.0	45.21739130434783	60.0	34	12						false										
ON023025.1	4527	REF	ref	G		46	46	1.0	56.52173913043478	60.0	27	19						false										
ON023025.1	4528	REF	ref	G		46	46	1.0	56.17391304347826	60.0	27	19						false										
ON023025.1	4529	REF	ref	A		46	46	1.0	56.52173913043478	60.0	27	19						false										
ON023025.1	4530	REF	ref	A		46	46	1.0	56.52173913043478	60.0	27	19						false										
ON023025.1	4531	REF	ref	C		46	46	1.0	56.52173913043478	60.0	27	19						false										
ON023025.1	4532	REF	ref	A		46	46	1.0	56.52173913043478	60.0	27	19						false										
ON023025.1	4533	REF	ref	G		46	46	1.0	56.52173913043478	60.0	27	19						false										
ON023025.1	4534	REF	ref	A		46	46	1.0	56.52173913043478	60.0	27	19						false										
ON023025.1	4535	REF	ref	A		46	46	1.0	56.52173913043478	60.0	27	19						false										
ON023025.1	4536	REF	ref	G		46	46	1.0	56.52173913043478	60.0	27	19						false										
ON023025.1	4537	REF	ref	A		46	46	1.0	56.52173913043478	60.0	27	19						false										
ON023025.1	4538	REF	ref	G		46	46	1.0	56.17391304347826	60.0	27	19						false										
ON023025.1	4539	REF	ref	C		46	46	1.0	56.52173913043478	60.0	27	19						false										
ON023025.1	4540	REF	ref	T		55	55	1.0	58.18181818181818	59.872727272727275	35	20						false										
ON023025.1	4541	REF	ref	C		55	55	1.0	58.18181818181818	59.872727272727275	35	20						false										
ON023025.1	4542	REF	ref	T		55	55	1.0	58.18181818181818	59.872727272727275	35	20						false										
ON023025.1	4543	REF	ref	T		55	55	1.0	57.89090909090909	59.872727272727275	35	20						false										
ON023025.1	4544	REF	ref	C		55	55	1.0	58.18181818181818	59.872727272727275	35	20						false										
ON023025.1	4545	REF	ref	A		55	55	1.0	58.18181818181818	59.872727272727275	35	20						false										
ON023025.1	4546	REF	ref	T		55	55	1.0	58.18181818181818	59.872727272727275	35	20						false										
ON023025.1	4547	REF	ref	T		55	55	1.0	58.18181818181818	59.872727272727275	35	20						false										
ON023025.1	4548	REF	ref	A		55	55	1.0	58.18181818181818	59.872727272727275	35	20						false										
ON023025.1	4549	REF	ref	T		55	55	1.0	58.18181818181818	59.872727272727275	35	20						false										
ON023025.1	4550	REF	ref	G		55	55	1.0	58.18181818181818	59.872727272727275	35	20						false										
ON023025.1	4551	REF	ref	A		55	55	1.0	58.18181818181818	59.872727272727275	35	20						false										
ON023025.1	4552	REF	ref	A		55	55	1.0	58.18181818181818	59.872727272727275	35	20						false										
ON023025.1	4553	REF	ref	A		64	64	1.0	55.375	59.890625	35	29						false										
ON023025.1	4554	REF	ref	G		64	64	1.0	55.625	59.890625	35	29						false										
ON023025.1	4555	REF	ref	T		64	64	1.0	55.125	59.890625	35	29						false										
ON023025.1	4556	REF	ref	C		69	69	1.0	54.492753623188406	59.89855072463768	40	29						false										
ON023025.1	4557	REF	ref	A		69	69	1.0	54.492753623188406	59.89855072463768	40	29						false										
ON023025.1	4558	REF	ref	G		69	69	1.0	54.492753623188406	59.89855072463768	40	29						false										
ON023025.1	4559	REF	ref	C		69	69	1.0	54.492753623188406	59.89855072463768	40	29						false										
ON023025.1	4560	REF	ref	T		69	69	1.0	54.492753623188406	59.89855072463768	40	29						false										
ON023025.1	4561	REF	ref	G		69	69	1.0	54.26086956521739	59.89855072463768	40	29						false										
ON023025.1	4562	REF	ref	T		69	69	1.0	54.492753623188406	59.89855072463768	40	29						false										
ON023025.1	4563	REF	ref	G		69	69	1.0	54.26086956521739	59.89855072463768	40	29						false										
ON023025.1	4564	REF	ref	G		69	69	1.0	54.492753623188406	59.89855072463768	40	29						false										
ON023025.1	4565	REF	ref	A		69	69	1.0	54.492753623188406	59.89855072463768	40	29						false										
ON023025.1	4566	REF	ref	G		67	67	1.0	54.92537313432836	59.8955223880597	38	29						false										
ON023025.1	4567	REF	ref	T		69	69	1.0	54.492753623188406	59.89855072463768	40	29						false										
ON023025.1	4568	REF	ref	A		69	69	1.0	54.492753623188406	59.89855072463768	40	29						false										
ON023025.1	4569	REF	ref	A		69	69	1.0	54.492753623188406	59.89855072463768	40	29						false										
ON023025.1	4570	REF	ref	A		69	69	1.0	54.492753623188406	59.89855072463768	40	29						false										
ON023025.1	4571	REF	ref	A		69	69	1.0	54.492753623188406	59.89855072463768	40	29						false										
ON023025.1	4572	REF	ref	T		69	69	1.0	54.492753623188406	59.89855072463768	40	29						false										
ON023025.1	4573	REF	ref	C		69	69	1.0	54.492753623188406	59.89855072463768	40	29						false										
ON023025.1	4574	REF	ref	C		78	78	1.0	52.82051282051282	59.91025641025641	49	29						false										
ON023025.1	4575	REF	ref	C		78	78	1.0	52.0	59.91025641025641	49	29						false										
ON023025.1	4576	REF	ref	C		78	0	0.0			0	0						false										
ON023025.1	4576	SNV	alt	C	T	78	78	1.0	52.82051282051282	59.91025641025641	0	0	49	29	1.0	Ts		true	VP1	gene-VP1	+	CCC	CCT	P	P	658	3	synonymous
ON023025.1	4576	SNV	alt	C	T	78	78	1.0	52.82051282051282	59.91025641025641	0	0	49	29	1.0	Ts		true	VP2	gene-VP2	+	CCC	CCT	P	P	431	3	synonymous
ON023025.1	4577	REF	ref	A		78	78	1.0	52.82051282051282	59.91025641025641	49	29						false										
ON023025.1	4578	REF	ref	A		78	78	1.0	52.82051282051282	59.91025641025641	49	29						false										
ON023025.1	4579	REF	ref	C		78	78	1.0	52.82051282051282	59.91025641025641	49	29						false										
ON023025.1	4580	REF	ref	T		78	78	1.0	52.82051282051282	59.91025641025641	49	29						false										
ON023025.1	4581	REF	ref	T		78	78	1.0	46.15384615384615	59.91025641025641	43	35						false										
ON023025.1	4582	REF	ref	A		78	72	0.9230769230769231	43.333333333333336	60.0	38	34						false										
ON023025.1	4582	SNV	alt	A	G	78	6	0.07692307692307693	80.0	58.833333333333336	38	34	5	1	0.21557086301137168	Ts		true	VP1	gene-VP1	+	TTA	TTG	L	L	660	3	synonymous
ON023025.1	4582	SNV	alt	A	G	78	6	0.07692307692307693	80.0	58.833333333333336	38	34	5	1	0.21557086301137168	Ts		true	VP2	gene-VP2	+	TTA	TTG	L	L	433	3	synonymous
ON023025.1	4583	REF	ref	G		78	78	1.0	46.15384615384615	59.91025641025641	43	35						false										
ON023025.1	4584	REF	ref	A		78	78	1.0	46.15384615384615	59.91025641025641	43	35						false										
ON023025.1	4585	REF	ref	T		78	78	1.0	46.15384615384615	59.91025641025641	43	35						false										
ON023025.1	4586	REF	ref	G		78	78	1.0	46.15384615384615	59.91025641025641	43	35						false										
ON023025.1	4587	REF	ref	A		69	69	1.0	46.95652173913044	59.89855072463768	34	35						false										
ON023025.1	4588	REF	ref	C		69	0	0.0			0	0						false										
ON023025.1	4588	SNV	alt	C	T	69	69	1.0	46.95652173913044	59.89855072463768	0	0	34	35	1.0	Ts		true	VP1	gene-VP1	+	GAC	GAT	D	D	662	3	synonymous
ON023025.1	4588	SNV	alt	C	T	69	69	1.0	46.95652173913044	59.89855072463768	0	0	34	35	1.0	Ts		true	VP2	gene-VP2	+	GAC	GAT	D	D	435	3	synonymous
ON023025.1	4589	REF	ref	A		69	69	1.0	46.95652173913044	59.89855072463768	34	35						false										
ON023025.1	4590	REF	ref	G		69	69	1.0	46.72463768115942	59.89855072463768	34	35						false										
ON023025.1	4591	REF	ref	T		69	69	1.0	46.95652173913044	59.89855072463768	34	35						false										
ON023025.1	4592	REF	ref	T		69	69	1.0	46.95652173913044	59.89855072463768	34	35						false										
ON023025.1	4593	REF	ref	T		69	69	1.0	46.72463768115942	59.89855072463768	34	35						false										
ON023025.1	4594	REF	ref	T		69	69	1.0	46.95652173913044	59.89855072463768	34	35						false										
ON023025.1	4595	REF	ref	A		69	69	1.0	46.95652173913044	59.89855072463768	34	35						false										
ON023025.1	4596	REF	ref	A		69	69	1.0	46.95652173913044	59.89855072463768	34	35						false										
ON023025.1	4597	REF	ref	A		69	69	1.0	46.95652173913044	59.89855072463768	34	35						false										
ON023025.1	4598	REF	ref	A		69	69	1.0	46.95652173913044	59.89855072463768	34	35						false										
ON023025.1	4599	REF	ref	C		69	69	1.0	46.95652173913044	59.89855072463768	34	35						false										
ON023025.1	4600	REF	ref	C		69	69	1.0	46.95652173913044	59.89855072463768	34	35						false										
ON023025.1	4601	REF	ref	C		69	69	1.0	46.95652173913044	59.89855072463768	34	35						false										
ON023025.1	4602	REF	ref	A		69	69	1.0	46.95652173913044	59.89855072463768	34	35						false										
ON023025.1	4603	REF	ref	A		69	69	1.0	46.95652173913044	59.89855072463768	34	35						false										
ON023025.1	4604	REF	ref	T		63	63	1.0	47.61904761904762	59.888888888888886	28	35						false										
ON023025.1	4605	REF	ref	T		63	63	1.0	47.36507936507937	59.888888888888886	28	35						false										
ON023025.1	4606	REF	ref	C		63	0	0.0			0	0						false										
ON023025.1	4606	SNV	alt	C	T	63	63	1.0	47.61904761904762	59.888888888888886	0	0	28	35	1.0	Ts		true	VP1	gene-VP1	+	TTC	TTT	F	F	668	3	synonymous
ON023025.1	4606	SNV	alt	C	T	63	63	1.0	47.61904761904762	59.888888888888886	0	0	28	35	1.0	Ts		true	VP2	gene-VP2	+	TTC	TTT	F	F	441	3	synonymous
ON023025.1	4607	REF	ref	G		62	62	1.0	47.74193548387097	59.88709677419355	28	34						false										
ON023025.1	4608	REF	ref	C		63	63	1.0	47.61904761904762	59.888888888888886	28	35						false										
ON023025.1	4609	REF	ref	A		63	63	1.0	47.61904761904762	59.888888888888886	28	35						false										
ON023025.1	4610	REF	ref	G		63	63	1.0	47.61904761904762	59.888888888888886	28	35						false										
ON023025.1	4611	REF	ref	C		63	63	1.0	47.61904761904762	59.888888888888886	28	35						false										
ON023025.1	4612	REF	ref	C		63	63	1.0	47.61904761904762	59.888888888888886	28	35						false										
ON023025.1	4613	REF	ref	C		63	63	1.0	47.61904761904762	59.888888888888886	28	35						false										
ON023025.1	4614	REF	ref	T		63	63	1.0	47.61904761904762	59.888888888888886	28	35						false										
ON023025.1	4615	REF	ref	G		63	63	1.0	47.61904761904762	59.888888888888886	28	35						false										
ON023025.1	4616	REF	ref	G		63	63	1.0	47.36507936507937	59.888888888888886	28	35						false										
ON023025.1	4617	REF	ref	G		63	63	1.0	47.61904761904762	59.888888888888886	28	35						false										
ON023025.1	4618	REF	ref	C		53	53	1.0	50.56603773584906	59.867924528301884	27	26						false										
ON023025.1	4619	REF	ref	G		53	53	1.0	50.56603773584906	59.867924528301884	27	26						false										
ON023025.1	4620	REF	ref	G		53	53	1.0	50.56603773584906	59.867924528301884	27	26						false										
ON023025.1	4621	REF	ref	G		53	53	1.0	50.56603773584906	59.867924528301884	27	26						false										
ON023025.1	4622	REF	ref	T		53	53	1.0	50.56603773584906	59.867924528301884	27	26						false										
ON023025.1	4623	REF	ref	G		53	53	1.0	50.56603773584906	59.867924528301884	27	26						false										
ON023025.1	4624	REF	ref	G		53	53	1.0	50.56603773584906	59.867924528301884	27	26						false										
ON023025.1	4625	REF	ref	G		53	53	1.0	50.56603773584906	59.867924528301884	27	26						false										
ON023025.1	4626	REF	ref	G		72	72	1.0	47.55555555555556	59.90277777777778	46	26						false										
ON023025.1	4627	REF	ref	T		72	72	1.0	47.55555555555556	59.90277777777778	46	26						false										
ON023025.1	4628	REF	ref	T		72	72	1.0	47.77777777777778	59.90277777777778	46	26						false										
ON023025.1	4629	REF	ref	T		72	72	1.0	47.77777777777778	59.90277777777778	46	26						false										
ON023025.1	4630	REF	ref	A		72	72	1.0	47.55555555555556	59.90277777777778	46	26						false										
ON023025.1	4631	REF	ref	C		72	72	1.0	47.77777777777778	59.90277777777778	46	26						false										
ON023025.1	4632	REF	ref	A		72	72	1.0	44.44444444444444	59.90277777777778	42	30						false										
ON023025.1	4633	REF	ref	T		72	72	1.0	44.44444444444444	59.90277777777778	42	30						false										
ON023025.1	4634	REF	ref	C		66	66	1.0	44.84848484848485	59.89393939393939	42	24						false										
ON023025.1	4635	REF	ref	A		66	66	1.0	44.84848484848485	59.89393939393939	42	24						false										
ON023025.1	4636	REF	ref	A		64	64	1.0	44.25	59.890625	41	23						false										
ON023025.1	4637	REF	ref	C		66	66	1.0	44.84848484848485	59.89393939393939	42	24						false										
ON023025.1	4638	REF	ref	C		66	66	1.0	44.84848484848485	59.89393939393939	42	24						false										
ON023025.1	4639	REF	ref	A		66	66	1.0	43.39393939393939	59.89393939393939	41	25						false										
ON023025.1	4640	REF	ref	C		66	66	1.0	43.63636363636363	59.89393939393939	41	25						false										
ON023025.1	4641	REF	ref	C		66	66	1.0	43.63636363636363	59.89393939393939	41	25						false										
ON023025.1	4642	REF	ref	T		66	66	1.0	43.63636363636363	59.89393939393939	41	25						false										
ON023025.1	4643	REF	ref	C		66	63	0.9545454545454546	43.55555555555556	59.888888888888886	38	25						false										
ON023025.1	4643	SNV	alt	C	T	66	3	0.045454545454545456	40.0	60.0	38	25	3	0	0.2832167832167773	Ts		true	VP1	gene-VP1	+	CCT	TCT	P	S	681	1	missense
ON023025.1	4643	SNV	alt	C	T	66	3	0.045454545454545456	40.0	60.0	38	25	3	0	0.2832167832167773	Ts		true	VP2	gene-VP2	+	CCT	TCT	P	S	454	1	missense
ON023025.1	4644	REF	ref	C		66	66	1.0	43.63636363636363	59.89393939393939	41	25						false										
ON023025.1	4645	REF	ref	T		66	66	1.0	43.63636363636363	59.89393939393939	41	25						false										
ON023025.1	4646	REF	ref	C		66	66	1.0	43.63636363636363	59.89393939393939	41	25						false										
ON023025.1	4647	REF	ref	A		66	66	1.0	43.63636363636363	59.89393939393939	41	25						false										
ON023025.1	4648	REF	ref	A		66	66	1.0	43.63636363636363	59.89393939393939	41	25						false										
ON023025.1	4649	REF	ref	A		66	66	1.0	43.63636363636363	59.89393939393939	41	25						false										
ON023025.1	4650	REF	ref	T		66	66	1.0	43.63636363636363	59.89393939393939	41	25						false										
ON023025.1	4651	REF	ref	A		66	66	1.0	43.39393939393939	59.89393939393939	41	25						false										
ON023025.1	4652	REF	ref	T		66	66	1.0	43.63636363636363	59.89393939393939	41	25						false										
ON023025.1	4653	REF	ref	T		66	66	1.0	43.63636363636363	59.89393939393939	41	25						false										
ON023025.1	4654	REF	ref	T		66	66	1.0	43.63636363636363	59.89393939393939	41	25						false										
ON023025.1	4655	REF	ref	T		66	66	1.0	43.63636363636363	59.89393939393939	41	25						false										
ON023025.1	4656	REF	ref	T		66	66	1.0	43.63636363636363	59.89393939393939	41	25						false										
ON023025.1	4657	REF	ref	A		66	66	1.0	43.63636363636363	59.89393939393939	41	25						false										
ON023025.1	4658	REF	ref	A		66	66	1.0	43.63636363636363	59.89393939393939	41	25						false										
ON023025.1	4659	REF	ref	A		66	66	1.0	43.39393939393939	59.89393939393939	41	25						false										
ON023025.1	4660	REF	ref	A		66	66	1.0	43.39393939393939	59.89393939393939	41	25						false										
ON023025.1	4661	REF	ref	A		66	66	1.0	43.63636363636363	59.89393939393939	41	25						false										
ON023025.1	4662	REF	ref	T		66	66	1.0	43.63636363636363	59.89393939393939	41	25						false										
ON023025.1	4663	REF	ref	A		66	66	1.0	43.63636363636363	59.89393939393939	41	25						false										
ON023025.1	4664	REF	ref	T		66	66	1.0	43.63636363636363	59.89393939393939	41	25						false										
ON023025.1	4665	REF	ref	T		66	66	1.0	43.63636363636363	59.89393939393939	41	25						false										
ON023025.1	4666	REF	ref	G		66	66	1.0	43.63636363636363	59.89393939393939	41	25						false										
ON023025.1	4667	REF	ref	C		66	66	1.0	43.63636363636363	59.89393939393939	41	25						false										
ON023025.1	4668	REF	ref	C		66	66	1.0	43.63636363636363	59.89393939393939	41	25						false										
ON023025.1	4669	REF	ref	A		66	66	1.0	43.39393939393939	59.89393939393939	41	25						false										
ON023025.1	4670	REF	ref	C		60	60	1.0	40.0	60.0	36	24						false										
ON023025.1	4671	REF	ref	A		60	60	1.0	40.0	60.0	36	24						false										
ON023025.1	4672	REF	ref	A		60	60	1.0	40.0	60.0	36	24						false										
ON023025.1	4673	REF	ref	A		60	60	1.0	40.0	60.0	36	24						false										
ON023025.1	4674	REF	ref	G		60	60	1.0	45.46666666666667	60.0	30	30						false										
ON023025.1	4675	REF	ref	T		60	60	1.0	46.0	60.0	30	30						false										
ON023025.1	4676	REF	ref	G		60	60	1.0	46.0	60.0	30	30						false										
ON023025.1	4677	REF	ref	G		60	60	1.0	46.0	60.0	30	30						false										
ON023025.1	4678	REF	ref	A		46	46	1.0	47.82608695652174	60.0	29	17						false										
ON023025.1	4679	REF	ref	C		47	47	1.0	47.659574468085104	60.0	30	17						false										
ON023025.1	4680	REF	ref	C		47	47	1.0	47.659574468085104	60.0	30	17						false										
ON023025.1	4681	REF	ref	A		47	47	1.0	46.97872340425532	60.0	30	17						false										
ON023025.1	4682	REF	ref	A		47	47	1.0	47.659574468085104	60.0	30	17						false										
ON023025.1	4683	REF	ref	T		47	47	1.0	47.319148936170215	60.0	30	17						false										
ON023025.1	4684	REF	ref	T		47	47	1.0	47.659574468085104	60.0	30	17						false										
ON023025.1	4685	REF	ref	G		47	47	1.0	47.659574468085104	60.0	30	17						false										
ON023025.1	4686	REF	ref	G		56	56	1.0	46.42857142857143	60.0	30	26						false										
ON023025.1	4687	REF	ref	G		56	0	0.0			0	0						false										
ON023025.1	4687	SNV	alt	G	A	56	56	1.0	46.42857142857143	60.0	0	0	30	26	1.0	Ts		true	VP1	gene-VP1	+	GGG	GGA	G	G	695	3	synonymous
ON023025.1	4687	SNV	alt	G	A	56	56	1.0	46.42857142857143	60.0	0	0	30	26	1.0	Ts		true	VP2	gene-VP2	+	GGG	GGA	G	G	468	3	synonymous
ON023025.1	4688	REF	ref	G		56	56	1.0	46.42857142857143	60.0	30	26						false										
ON023025.1	4689	REF	ref	G		59	59	1.0	46.101694915254235	60.0	33	26						false										
ON023025.1	4690	REF	ref	T		60	60	1.0	45.733333333333334	60.0	34	26						false										
ON023025.1	4691	REF	ref	A		56	56	1.0	46.42857142857143	60.0	30	26						false										
ON023025.1	4692	REF	ref	T		57	57	1.0	46.31578947368421	60.0	31	26						false										
ON023025.1	4693	REF	ref	T		57	57	1.0	46.03508771929825	60.0	31	26						false										
ON023025.1	4694	REF	ref	A		57	56	0.9824561403508771	45.714285714285715	60.0	30	26						false										
ON023025.1	4694	SNV	alt	A	G	57	1	0.017543859649122806	32.0	60.0	30	26	1	0	0.9999999999999912	Ts		true	VP1	gene-VP1	+	AAA	GAA	K	E	698	1	missense
ON023025.1	4694	SNV	alt	A	G	57	1	0.017543859649122806	32.0	60.0	30	26	1	0	0.9999999999999912	Ts		true	VP2	gene-VP2	+	AAA	GAA	K	E	471	1	missense
ON023025.1	4695	REF	ref	A		57	57	1.0	46.31578947368421	60.0	31	26						false										
ON023025.1	4696	REF	ref	A		57	57	1.0	46.03508771929825	60.0	31	26						false										
ON023025.1	4697	REF	ref	T		57	57	1.0	46.31578947368421	60.0	31	26						false										
ON023025.1	4698	REF	ref	C		57	57	1.0	46.31578947368421	60.0	31	26						false										
ON023025.1	4699	REF	ref	C		57	57	1.0	46.31578947368421	60.0	31	26						false										
ON023025.1	4700	REF	ref	A		57	57	1.0	46.31578947368421	60.0	31	26						false										
ON023025.1	4701	REF	ref	T		57	57	1.0	46.31578947368421	60.0	31	26						false										
ON023025.1	4702	REF	ref	G		57	57	1.0	46.03508771929825	60.0	31	26						false										
ON023025.1	4703	REF	ref	G		59	59	1.0	45.83050847457627	60.0	30	29						false										
ON023025.1	4704	REF	ref	G		51	51	1.0	46.745098039215684	60.0	31	20						false										
ON023025.1	4705	REF	ref	A		50	50	1.0	46.88	60.0	30	20						false										
ON023025.1	4706	REF	ref	A		51	51	1.0	46.745098039215684	60.0	31	20						false										
ON023025.1	4707	REF	ref	T		46	46	1.0	47.47826086956522	60.0	26	20						false										
ON023025.1	4708	REF	ref	T		46	46	1.0	47.82608695652174	60.0	26	20						false										
ON023025.1	4709	REF	ref	A		45	45	1.0	48.0	60.0	25	20						false										
ON023025.1	4710	REF	ref	C		46	46	1.0	47.82608695652174	60.0	26	20						false										
ON023025.1	4711	REF	ref	T		46	46	1.0	47.47826086956522	60.0	26	20						false										
ON023025.1	4712	REF	ref	A		46	46	1.0	47.82608695652174	60.0	26	20						false										
ON023025.1	4713	REF	ref	C		46	46	1.0	47.130434782608695	60.0	26	20						false										
ON023025.1	4714	REF	ref	C		46	0	0.0			0	0						false										
ON023025.1	4714	SNV	alt	C	T	46	46	1.0	47.82608695652174	60.0	0	0	26	20	1.0	Ts		true	VP1	gene-VP1	+	ACC	ACT	T	T	704	3	synonymous
ON023025.1	4714	SNV	alt	C	T	46	46	1.0	47.82608695652174	60.0	0	0	26	20	1.0	Ts		true	VP2	gene-VP2	+	ACC	ACT	T	T	477	3	synonymous
ON023025.1	4715	REF	ref	T		46	0	0.0			0	0						false										
ON023025.1	4715	SNV	alt	T	C	46	46	1.0	47.47826086956522	60.0	0	0	26	20	1.0	Ts		true	VP1	gene-VP1	+	TTA	CTA	L	L	705	1	synonymous
ON023025.1	4715	SNV	alt	T	C	46	46	1.0	47.47826086956522	60.0	0	0	26	20	1.0	Ts		true	VP2	gene-VP2	+	TTA	CTA	L	L	478	1	synonymous
ON023025.1	4716	REF	ref	T		52	52	1.0	46.61538461538461	60.0	26	26						false										
ON023025.1	4717	REF	ref	A		52	52	1.0	46.30769230769231	60.0	26	26						false										
ON023025.1	4718	REF	ref	G		52	52	1.0	46.61538461538461	60.0	26	26						false										
ON023025.1	4719	REF	ref	T		52	52	1.0	46.61538461538461	60.0	26	26						false										
ON023025.1	4720	REF	ref	T		52	52	1.0	46.61538461538461	60.0	26	26						false										
ON023025.1	4721	REF	ref	C		52	52	1.0	46.92307692307692	60.0	26	26						false										
ON023025.1	4722	REF	ref	A		52	52	1.0	46.61538461538461	60.0	26	26						false										
ON023025.1	4723	REF	ref	A		52	52	1.0	46.61538461538461	60.0	26	26						false										
ON023025.1	4724	REF	ref	T		52	52	1.0	46.92307692307692	60.0	26	26						false										
ON023025.1	4725	REF	ref	A		52	52	1.0	40.0	60.0	23	29						false										
ON023025.1	4726	REF	ref	T		52	52	1.0	40.0	60.0	23	29						false										
ON023025.1	4727	REF	ref	G		51	51	1.0	40.0	60.0	22	29						false										
ON023025.1	4728	REF	ref	C		52	52	1.0	39.69230769230769	60.0	23	29						false										
ON023025.1	4729	REF	ref	A		52	52	1.0	40.0	60.0	23	29						false										
ON023025.1	4730	REF	ref	G		52	52	1.0	39.69230769230769	60.0	23	29						false										
ON023025.1	4731	REF	ref	T		52	52	1.0	40.0	60.0	23	29						false										
ON023025.1	4732	REF	ref	G		52	52	1.0	39.69230769230769	60.0	23	29						false										
ON023025.1	4733	REF	ref	G		52	52	1.0	39.69230769230769	60.0	23	29						false										
ON023025.1	4734	REF	ref	G		58	58	1.0	40.0	60.0	29	29						false										
ON023025.1	4735	REF	ref	A		58	57	0.9827586206896551	40.0	60.0	29	28						false										
ON023025.1	4735	SNV	alt	A	G	58	1	0.017241379310344827	40.0	60.0	29	28	0	1	1.0	Ts		true	VP1	gene-VP1	+	GGA	GGG	G	G	711	3	synonymous
ON023025.1	4735	SNV	alt	A	G	58	1	0.017241379310344827	40.0	60.0	29	28	0	1	1.0	Ts		true	VP2	gene-VP2	+	GGA	GGG	G	G	484	3	synonymous
ON023025.1	4736	REF	ref	A		57	57	1.0	40.0	60.0	28	29						false										
ON023025.1	4737	REF	ref	T		58	58	1.0	39.724137931034484	60.0	29	29						false										
ON023025.1	4738	REF	ref	T		58	58	1.0	40.0	60.0	29	29						false										
ON023025.1	4739	REF	ref	A		58	58	1.0	40.0	60.0	29	29						false										
ON023025.1	4740	REF	ref	T		58	58	1.0	40.0	60.0	29	29						false										
ON023025.1	4741	REF	ref	G		58	58	1.0	39.724137931034484	60.0	29	29						false										
ON023025.1	4742	REF	ref	A		58	58	1.0	40.0	60.0	29	29						false										
ON023025.1	4743	REF	ref	C		58	58	1.0	40.0	60.0	29	29						false										
ON023025.1	4744	REF	ref	A		58	58	1.0	39.724137931034484	60.0	29	29						false										
ON023025.1	4745	REF	ref	G		57	57	1.0	39.719298245614034	60.0	29	28						false										
ON023025.1	4746	REF	ref	T		58	58	1.0	39.724137931034484	60.0	29	29						false										
ON023025.1	4747	REF	ref	T		58	58	1.0	39.724137931034484	60.0	29	29						false										
ON023025.1	4748	REF	ref	A		58	58	1.0	40.0	60.0	29	29						false										
ON023025.1	4749	REF	ref	C		58	58	1.0	40.0	60.0	29	29						false										
ON023025.1	4750	REF	ref	T		58	58	1.0	40.0	60.0	29	29						false										
ON023025.1	4751	REF	ref	A		64	64	1.0	39.75	60.0	35	29						false										
ON023025.1	4752	REF	ref	T		64	64	1.0	40.0	60.0	35	29						false										
ON023025.1	4753	REF	ref	G		64	64	1.0	39.75	60.0	35	29						false										
ON023025.1	4754	REF	ref	A		64	64	1.0	40.0	60.0	35	29						false										
ON023025.1	4755	REF	ref	C		64	64	1.0	40.0	60.0	35	29						false										
ON023025.1	4756	REF	ref	A		64	64	1.0	39.75	60.0	35	29						false										
ON023025.1	4757	REF	ref	T		64	64	1.0	40.0	60.0	35	29						false										
ON023025.1	4758	REF	ref	T		64	64	1.0	40.0	60.0	35	29						false										
ON023025.1	4759	REF	ref	T		62	62	1.0	39.483870967741936	60.0	35	27						false										
ON023025.1	4760	REF	ref	A		63	63	1.0	40.0	60.0	34	29						false										
ON023025.1	4761	REF	ref	A		64	64	1.0	40.0	60.0	35	29						false										
ON023025.1	4762	REF	ref	A		64	64	1.0	39.75	60.0	35	29						false										
ON023025.1	4763	REF	ref	T		64	64	1.0	40.0	60.0	35	29						false										
ON023025.1	4764	REF	ref	T		64	64	1.0	39.0	60.0	35	29						false										
ON023025.1	4765	REF	ref	G		64	64	1.0	40.0	60.0	35	29						false										
ON023025.1	4766	REF	ref	G		63	63	1.0	40.0	60.0	35	28						false										
ON023025.1	4767	REF	ref	G		64	64	1.0	40.0	60.0	35	29						false										
ON023025.1	4768	REF	ref	A		64	64	1.0	39.75	60.0	35	29						false										
ON023025.1	4769	REF	ref	C		62	62	1.0	39.74193548387097	60.0	35	27						false										
ON023025.1	4770	REF	ref	C		62	62	1.0	40.0	60.0	35	27						false										
ON023025.1	4771	REF	ref	T		61	61	1.0	52.19672131147541	60.0	24	37						false										
ON023025.1	4772	REF	ref	C		67	67	1.0	51.343283582089555	60.0	24	43						false										
ON023025.1	4773	REF	ref	G		67	67	1.0	51.1044776119403	60.0	24	43						false										
ON023025.1	4774	REF	ref	T		67	67	1.0	51.1044776119403	60.0	24	43						false										
ON023025.1	4775	REF	ref	A		67	67	1.0	50.865671641791046	60.0	24	43						false										
ON023025.1	4776	REF	ref	A		67	67	1.0	50.62686567164179	60.0	24	43						false										
ON023025.1	4777	REF	ref	G		66	66	1.0	37.333333333333336	60.0	16	50						false										
ON023025.1	4778	REF	ref	G		67	67	1.0	39.52238805970149	60.0	16	51						false										
ON023025.1	4779	REF	ref	C		67	67	1.0	39.52238805970149	60.0	16	51						false										
ON023025.1	4780	REF	ref	T		66	66	1.0	40.0	60.0	15	51						false										
ON023025.1	4781	REF	ref	A		67	67	1.0	41.91044776119403	60.0	14	53						false										
ON023025.1	4782	REF	ref	C		67	67	1.0	41.6865671641791	60.0	14	53						false										
ON023025.1	4783	REF	ref	T		67	67	1.0	41.92537313432836	60.0	14	53						false										
ON023025.1	4784	REF	ref	G		67	67	1.0	42.149253731343286	60.0	14	53						false										
ON023025.1	4785	REF	ref	G		67	67	1.0	42.149253731343286	60.0	14	53						false										
ON023025.1	4786	REF	ref	T		67	67	1.0	42.38805970149254	60.0	14	53						false										
ON023025.1	4787	REF	ref	A		67	67	1.0	41.92537313432836	60.0	14	53						false										
ON023025.1	4788	REF	ref	G		67	67	1.0	42.38805970149254	60.0	14	53						false										
ON023025.1	4789	REF	ref	G		67	67	1.0	41.6865671641791	60.0	14	53						false										
ON023025.1	4790	REF	ref	T		67	67	1.0	41.91044776119403	60.0	14	53						false										
ON023025.1	4791	REF	ref	G		67	67	1.0	42.149253731343286	60.0	14	53						false										
ON023025.1	4792	REF	ref	G		67	67	1.0	41.6865671641791	60.0	14	53						false										
ON023025.1	4793	REF	ref	A		67	67	1.0	41.92537313432836	60.0	14	53						false										
ON023025.1	4794	REF	ref	A		67	67	1.0	42.149253731343286	60.0	14	53						false										
ON023025.1	4795	REF	ref	T		67	67	1.0	41.91044776119403	60.0	14	53						false										
ON023025.1	4796	REF	ref	C		66	66	1.0	41.696969696969695	60.0	14	52						false										
ON023025.1	4797	REF	ref	C		67	67	1.0	42.38805970149254	60.0	14	53						false										
ON023025.1	4798	REF	ref	A		67	67	1.0	41.92537313432836	60.0	14	53						false										
ON023025.1	4799	REF	ref	C		67	67	1.0	41.44776119402985	60.0	14	53						false										
ON023025.1	4800	REF	ref	A		67	67	1.0	45.97014925373134	60.0	11	56						false										
ON023025.1	4801	REF	ref	G		67	67	1.0	45.507462686567166	60.0	11	56						false										
ON023025.1	4802	REF	ref	C		67	67	1.0	45.492537313432834	60.0	11	56						false										
ON023025.1	4803	REF	ref	C		67	67	1.0	45.507462686567166	60.0	11	56						false										
ON023025.1	4804	REF	ref	T		67	67	1.0	45.97014925373134	60.0	11	56						false										
ON023025.1	4805	REF	ref	G		67	67	1.0	45.73134328358209	60.0	11	56						false										
ON023025.1	4806	REF	ref	G		67	67	1.0	45.73134328358209	60.0	11	56						false										
ON023025.1	4807	REF	ref	A		67	67	1.0	45.73134328358209	60.0	11	56						false										
ON023025.1	4808	REF	ref	G		86	86	1.0	44.46511627906977	60.0	30	56						false										
ON023025.1	4809	REF	ref	T		86	86	1.0	43.91860465116279	60.0	30	56						false										
ON023025.1	4810	REF	ref	A		86	86	1.0	44.46511627906977	60.0	30	56						false										
ON023025.1	4811	REF	ref	T		86	86	1.0	44.651162790697676	60.0	30	56						false										
ON023025.1	4812	REF	ref	A		86	86	1.0	44.46511627906977	60.0	30	56						false										
ON023025.1	4813	REF	ref	T		86	86	1.0	44.651162790697676	60.0	30	56						false										
ON023025.1	4814	REF	ref	C		86	86	1.0	44.46511627906977	60.0	30	56						false										
ON023025.1	4815	REF	ref	C		86	86	1.0	44.46511627906977	60.0	30	56						false										
ON023025.1	4816	REF	ref	T		86	86	1.0	44.46511627906977	60.0	30	56						false										
ON023025.1	4817	REF	ref	C		86	86	1.0	44.46511627906977	60.0	30	56						false										
ON023025.1	4818	REF	ref	C		86	86	1.0	44.651162790697676	60.0	30	56						false										
ON023025.1	4819	REF	ref	T		86	86	1.0	44.093023255813954	60.0	30	56						false										
ON023025.1	4820	REF	ref	C		86	86	1.0	44.27906976744186	60.0	30	56						false										
ON023025.1	4821	REF	ref	A		86	86	1.0	44.27906976744186	60.0	30	56						false										
ON023025.1	4822	REF	ref	T		86	86	1.0	44.27906976744186	60.0	30	56						false										
ON023025.1	4823	REF	ref	G		86	86	1.0	44.46511627906977	60.0	30	56						false										
ON023025.1	4824	REF	ref	C		85	85	1.0	44.32941176470588	60.0	30	55						false										
ON023025.1	4825	REF	ref	G		77	0	0.0			0	0						false										
ON023025.1	4825	SNV	alt	G	A	77	77	1.0	44.58441558441559	60.0	0	0	30	47	1.0	Ts		true	VP1	gene-VP1	+	GCG	GCA	A	A	741	3	synonymous
ON023025.1	4825	SNV	alt	G	A	77	77	1.0	44.58441558441559	60.0	0	0	30	47	1.0	Ts		true	VP2	gene-VP2	+	GCG	GCA	A	A	514	3	synonymous
ON023025.1	4826	REF	ref	G		77	77	1.0	48.103896103896105	60.0	25	52						false										
ON023025.1	4827	REF	ref	C		77	77	1.0	48.311688311688314	60.0	25	52						false										
ON023025.1	4828	REF	ref	T		77	77	1.0	47.896103896103895	60.0	25	52						false										
ON023025.1	4829	REF	ref	G		77	77	1.0	48.103896103896105	60.0	25	52						false										
ON023025.1	4830	REF	ref	G		77	77	1.0	47.896103896103895	60.0	25	52						false										
ON023025.1	4831	REF	ref	T		77	77	1.0	47.896103896103895	60.0	25	52						false										
ON023025.1	4832	REF	ref	C		84	84	1.0	47.61904761904762	60.0	32	52						false										
ON023025.1	4833	REF	ref	A		84	83	0.9880952380952381	47.51807228915663	60.0	32	51						false										
ON023025.1	4833	SNV	alt	A	C	84	1	0.011904761904761904	40.0	60.0	32	51	0	1	0.9999999999999921	Tv		true	VP1	gene-VP1	+	CAT	CCT	H	P	744	2	missense
ON023025.1	4833	SNV	alt	A	C	84	1	0.011904761904761904	40.0	60.0	32	51	0	1	0.9999999999999921	Tv		true	VP2	gene-VP2	+	CAT	CCT	H	P	517	2	missense
ON023025.1	4834	REF	ref	T		84	84	1.0	47.25	60.0	32	52						false										
ON023025.1	4835	REF	ref	T		84	84	1.0	46.857142857142854	60.0	32	52						false										
ON023025.1	4836	REF	ref	T		84	84	1.0	47.42857142857143	60.0	32	52						false										
ON023025.1	4837	REF	ref	A		75	75	1.0	48.10666666666667	60.0	32	43						false										
ON023025.1	4838	REF	ref	C		75	74	0.9866666666666667	48.229729729729726	60.0	31	43						false										
ON023025.1	4838	SNV	alt	C	T	75	1	0.013333333333333334	40.0	60.0	31	43	1	0	0.42666666666668746	Ts		true	VP1	gene-VP1	+	CCA	TCA	P	S	746	1	missense
ON023025.1	4838	SNV	alt	C	T	75	1	0.013333333333333334	40.0	60.0	31	43	1	0	0.42666666666668746	Ts		true	VP2	gene-VP2	+	CCA	TCA	P	S	519	1	missense
ON023025.1	4839	REF	ref	C		75	75	1.0	48.10666666666667	60.0	32	43						false										
ON023025.1	4840	REF	ref	A		75	75	1.0	46.4	60.0	30	45						false										
ON023025.1	4841	REF	ref	T		75	75	1.0	46.4	60.0	30	45						false										
ON023025.1	4842	REF	ref	A		75	75	1.0	46.4	60.0	30	45						false										
ON023025.1	4843	REF	ref	T		75	75	1.0	46.18666666666667	60.0	30	45						false										
ON023025.1	4844	REF	ref	G		75	75	1.0	46.4	60.0	30	45						false										
ON023025.1	4845	REF	ref	T		75	75	1.0	45.973333333333336	60.0	30	45						false										
ON023025.1	4846	REF	ref	A		75	75	1.0	46.18666666666667	60.0	30	45						false										
ON023025.1	4847	REF	ref	C		77	77	1.0	46.02597402597402	60.0	32	45						false										
ON023025.1	4848	REF	ref	T		77	77	1.0	46.23376623376623	60.0	32	45						false										
ON023025.1	4849	REF	ref	G		76	76	1.0	46.10526315789474	60.0	31	45						false										
ON023025.1	4850	REF	ref	T		77	77	1.0	46.02597402597402	60.0	32	45						false										
ON023025.1	4851	REF	ref	A		77	77	1.0	46.02597402597402	60.0	32	45						false										
ON023025.1	4852	REF	ref	T		77	77	1.0	46.23376623376623	60.0	32	45						false										
ON023025.1	4853	REF	ref	G		77	77	1.0	46.23376623376623	60.0	32	45						false										
ON023025.1	4854	REF	ref	A		74	74	1.0	46.486486486486484	60.0	32	42						false										
ON023025.1	4855	REF	ref	C		74	74	1.0	46.270270270270274	60.0	32	42						false										
ON023025.1	4856	REF	ref	C		74	74	1.0	46.270270270270274	60.0	32	42						false										
ON023025.1	4857	REF	ref	C		74	74	1.0	46.270270270270274	60.0	32	42						false										
ON023025.1	4858	REF	ref	T		74	74	1.0	46.270270270270274	60.0	32	42						false										
ON023025.1	4859	REF	ref	A		74	74	1.0	46.270270270270274	60.0	32	42						false										
ON023025.1	4860	REF	ref	C		74	74	1.0	46.486486486486484	60.0	32	42						false										
ON023025.1	4861	REF	ref	A		74	74	1.0	46.270270270270274	60.0	32	42						false										
ON023025.1	4862	REF	ref	G		73	73	1.0	46.35616438356164	60.0	32	41						false										
ON023025.1	4863	REF	ref	C		73	73	1.0	46.57534246575342	60.0	32	41						false										
ON023025.1	4864	REF	ref	T		74	74	1.0	46.270270270270274	60.0	32	42						false										
ON023025.1	4865	REF	ref	A		74	74	1.0	46.270270270270274	60.0	32	42						false										
ON023025.1	4866	REF	ref	C		94	94	1.0	44.765957446808514	60.0	52	42						false										
ON023025.1	4867	REF	ref	A		88	88	1.0	45.45454545454545	60.0	52	36						false										
ON023025.1	4868	REF	ref	G		88	88	1.0	45.45454545454545	60.0	52	36						false										
ON023025.1	4869	REF	ref	A		88	88	1.0	45.45454545454545	60.0	52	36						false										
ON023025.1	4870	REF	ref	T		88	88	1.0	45.27272727272727	60.0	52	36						false										
ON023025.1	4871	REF	ref	G		88	88	1.0	45.45454545454545	60.0	52	36						false										
ON023025.1	4872	REF	ref	C		101	101	1.0	44.75247524752475	60.0	65	36						false										
ON023025.1	4873	REF	ref	A		101	101	1.0	44.75247524752475	60.0	65	36						false										
ON023025.1	4874	REF	ref	A		101	101	1.0	44.75247524752475	60.0	65	36						false										
ON023025.1	4875	REF	ref	A		101	101	1.0	44.59405940594059	60.0	65	36						false										
ON023025.1	4876	REF	ref	G		100	100	1.0	44.8	60.0	65	35						false										
ON023025.1	4877	REF	ref	C		101	101	1.0	44.277227722772274	60.0	65	36						false										
ON023025.1	4878	REF	ref	A		101	100	0.9900990099009901	44.24	60.0	65	35						false										
ON023025.1	4878	SNV	alt	A	G	101	1	0.009900990099009901	80.0	60.0	65	35	0	1	0.35643564356435126	Ts		true	VP1	gene-VP1	+	CAA	CGA	Q	R	759	2	missense
ON023025.1	4878	SNV	alt	A	G	101	1	0.009900990099009901	80.0	60.0	65	35	0	1	0.35643564356435126	Ts		true	VP2	gene-VP2	+	CAA	CGA	Q	R	532	2	missense
ON023025.1	4878	SNV	alt	A	G	101	1	0.009900990099009901	80.0	60.0	65	35	0	1	0.35643564356435126	Ts		true	UQK62733.1	cds-UQK62733.1	+	AAC	GAC	N	D	4	1	missense
ON023025.1	4879	REF	ref	A		101	101	1.0	44.59405940594059	60.0	65	36						false										
ON023025.1	4880	REF	ref	C		101	101	1.0	44.59405940594059	60.0	65	36						false										
ON023025.1	4881	REF	ref	A		101	101	1.0	44.43564356435643	60.0	65	36						false										
ON023025.1	4882	REF	ref	C		101	101	1.0	44.59405940594059	60.0	65	36						false										
ON023025.1	4883	REF	ref	C		101	101	1.0	44.277227722772274	60.0	65	36						false										
ON023025.1	4884	REF	ref	A		101	101	1.0	44.59405940594059	60.0	65	36						false										
ON023025.1	4885	REF	ref	C		101	101	1.0	41.742574257425744	60.0	64	37						false										
ON023025.1	4886	REF	ref	A		101	101	1.0	42.37623762376238	60.0	64	37						false										
ON023025.1	4887	REF	ref	G		101	101	1.0	42.37623762376238	60.0	64	37						false										
ON023025.1	4888	REF	ref	A		101	101	1.0	42.37623762376238	60.0	64	37						false										
ON023025.1	4889	REF	ref	C		100	100	1.0	41.92	60.0	63	37						false										
ON023025.1	4890	REF	ref	A		101	101	1.0	42.21782178217822	60.0	64	37						false										
ON023025.1	4891	REF	ref	C		101	101	1.0	42.05940594059406	60.0	64	37						false										
ON023025.1	4892	REF	ref	G		101	101	1.0	42.37623762376238	60.0	64	37						false										
ON023025.1	4893	REF	ref	G		101	101	1.0	42.37623762376238	60.0	64	37						false										
ON023025.1	4894	REF	ref	A		101	101	1.0	42.37623762376238	60.0	64	37						false										
ON023025.1	4895	REF	ref	T		101	101	1.0	42.21782178217822	60.0	64	37						false										
ON023025.1	4896	REF	ref	A		101	101	1.0	42.21782178217822	60.0	64	37						false										
ON023025.1	4897	REF	ref	T		100	100	1.0	42.4	60.0	64	36						false										
ON023025.1	4898	REF	ref	G		101	101	1.0	42.37623762376238	60.0	64	37						false										
ON023025.1	4899	REF	ref	A		101	101	1.0	42.21782178217822	60.0	64	37						false										
ON023025.1	4900	REF	ref	A		101	101	1.0	42.21782178217822	60.0	64	37						false										
ON023025.1	4901	REF	ref	A		101	101	1.0	42.05940594059406	60.0	64	37						false										
ON023025.1	4902	REF	ref	A		100	100	1.0	40.0	60.0	60	40						false										
ON023025.1	4903	REF	ref	G		101	101	1.0	40.0	60.0	61	40						false										
ON023025.1	4904	REF	ref	C		101	101	1.0	39.68316831683168	60.0	61	40						false										
ON023025.1	4905	REF	ref	C		101	101	1.0	36.99009900990099	60.0	61	40						false										
ON023025.1	4906	REF	ref	T		101	101	1.0	39.84158415841584	60.0	61	40						false										
ON023025.1	4907	REF	ref	G		101	101	1.0	40.0	60.0	61	40						false										
ON023025.1	4908	REF	ref	A		101	101	1.0	39.84158415841584	60.0	61	40						false										
ON023025.1	4909	REF	ref	A		101	101	1.0	40.0	60.0	61	40						false										
ON023025.1	4910	REF	ref	G		101	101	1.0	40.0	60.0	61	40						false										
ON023025.1	4911	REF	ref	A		128	128	1.0	39.875	60.0	88	40						false										
ON023025.1	4912	REF	ref	A		127	127	1.0	39.74803149606299	60.0	87	40						false										
ON023025.1	4913	REF	ref	T		127	127	1.0	39.74803149606299	60.0	87	40						false										
ON023025.1	4914	REF	ref	T		128	127	0.9921875	39.874015748031496	60.0	87	40						false										
ON023025.1	4914	SNV	alt	T	C	128	1	0.0078125	24.0	60.0	87	40	1	0	1.0	Ts		true	VP1	gene-VP1	+	TTG	TCG	L	S	771	2	missense
ON023025.1	4914	SNV	alt	T	C	128	1	0.0078125	24.0	60.0	87	40	1	0	1.0	Ts		true	VP2	gene-VP2	+	TTG	TCG	L	S	544	2	missense
ON023025.1	4914	SNV	alt	T	C	128	1	0.0078125	24.0	60.0	87	40	1	0	1.0	Ts		true	UQK62733.1	cds-UQK62733.1	+	TGT	CGT	C	R	16	1	missense
ON023025.1	4915	REF	ref	G		128	128	1.0	39.875	60.0	88	40						false										
ON023025.1	4916	REF	ref	T		128	128	1.0	39.75	60.0	88	40						false										
ON023025.1	4917	REF	ref	G		136	136	1.0	39.88235294117647	60.0	96	40						false										
ON023025.1	4918	REF	ref	G		136	136	1.0	40.0	60.0	96	40						false										
ON023025.1	4919	REF	ref	A		136	136	1.0	40.0	60.0	96	40						false										
ON023025.1	4920	REF	ref	C		136	136	1.0	39.529411764705884	60.0	96	40						false										
ON023025.1	4921	REF	ref	T		136	136	1.0	40.0	60.0	96	40						false										
ON023025.1	4922	REF	ref	G		117	117	1.0	40.0	60.0	96	21						false										
ON023025.1	4923	REF	ref	C		112	112	1.0	40.0	60.0	96	16						false										
ON023025.1	4924	REF	ref	C		111	111	1.0	39.85585585585586	60.0	96	15						false										
ON023025.1	4925	REF	ref	A		112	112	1.0	39.857142857142854	60.0	96	16						false										
ON023025.1	4926	REF	ref	A		112	112	1.0	39.57142857142857	60.0	96	16						false										
ON023025.1	4927	REF	ref	A		112	112	1.0	40.0	60.0	96	16						false										
ON023025.1	4928	REF	ref	A		112	112	1.0	39.857142857142854	60.0	96	16						false										
ON023025.1	4929	REF	ref	G		112	112	1.0	40.0	60.0	96	16						false										
ON023025.1	4930	REF	ref	C		112	112	1.0	39.857142857142854	60.0	96	16						false										
ON023025.1	4931	REF	ref	C		110	110	1.0	39.85454545454545	60.0	94	16						false										
ON023025.1	4932	REF	ref	G		107	107	1.0	40.0	60.0	95	12						false										
ON023025.1	4933	REF	ref	T		108	108	1.0	39.851851851851855	60.0	96	12						false										
ON023025.1	4934	REF	ref	G		108	108	1.0	39.55555555555556	60.0	96	12						false										
ON023025.1	4935	REF	ref	T		108	108	1.0	40.0	60.0	96	12						false										
ON023025.1	4936	REF	ref	G		108	108	1.0	40.0	60.0	96	12						false										
ON023025.1	4937	REF	ref	C		108	108	1.0	40.0	60.0	96	12						false										
ON023025.1	4938	REF	ref	A		107	107	1.0	39.850467289719624	60.0	95	12						false										
ON023025.1	4939	REF	ref	C		108	108	1.0	40.0	60.0	96	12						false										
ON023025.1	4940	REF	ref	C		108	108	1.0	40.0	60.0	96	12						false										
ON023025.1	4941	REF	ref	C		108	108	1.0	39.851851851851855	60.0	96	12						false										
ON023025.1	4942	REF	ref	A		108	108	1.0	39.851851851851855	60.0	96	12						false										
ON023025.1	4943	REF	ref	T		108	108	1.0	39.851851851851855	60.0	96	12						false										
ON023025.1	4944	REF	ref	T		108	108	1.0	40.0	60.0	96	12						false										
ON023025.1	4945	REF	ref	G		108	108	1.0	39.851851851851855	60.0	96	12						false										
ON023025.1	4946	REF	ref	T		108	108	1.0	40.0	60.0	96	12						false										
ON023025.1	4947	REF	ref	A		108	108	1.0	39.7037037037037	60.0	96	12						false										
ON023025.1	4948	REF	ref	A		108	108	1.0	39.851851851851855	60.0	96	12						false										
ON023025.1	4949	REF	ref	A		108	108	1.0	40.0	60.0	96	12						false										
ON023025.1	4950	REF	ref	C		108	108	1.0	40.0	60.0	96	12						false										
ON023025.1	4951	REF	ref	A		102	102	1.0	39.84313725490196	60.0	96	6						false										
ON023025.1	4952	REF	ref	C		102	102	1.0	40.0	60.0	96	6						false										
ON023025.1	4953	REF	ref	T		102	102	1.0	40.0	60.0	96	6						false										
ON023025.1	4954	REF	ref	C		102	102	1.0	47.450980392156865	60.0	88	14						false										
ON023025.1	4955	REF	ref	C		111	111	1.0	46.126126126126124	60.0	97	14						false										
ON023025.1	4956	REF	ref	C		109	109	1.0	46.38532110091743	60.0	95	14						false										
ON023025.1	4957	REF	ref	C		111	111	1.0	45.98198198198198	60.0	97	14						false										
ON023025.1	4958	REF	ref	A		110	110	1.0	46.03636363636364	60.0	96	14						false										
ON023025.1	4959	REF	ref	C		111	111	1.0	40.0	60.0	86	25						false										
ON023025.1	4960	REF	ref	C		111	111	1.0	40.0	60.0	86	25						false										
ON023025.1	4961	REF	ref	G		111	111	1.0	40.0	60.0	86	25						false										
ON023025.1	4962	REF	ref	T		111	111	1.0	40.0	60.0	86	25						false										
ON023025.1	4963	REF	ref	G		111	111	1.0	39.85585585585586	60.0	86	25						false										
ON023025.1	4964	REF	ref	T		111	111	1.0	40.0	60.0	86	25						false										
ON023025.1	4965	REF	ref	C		111	111	1.0	40.0	60.0	86	25						false										
ON023025.1	4966	REF	ref	C		111	111	1.0	40.0	60.0	86	25						false										
ON023025.1	4967	REF	ref	T		111	111	1.0	39.85585585585586	60.0	86	25						false										
ON023025.1	4968	REF	ref	C		111	111	1.0	40.0	60.0	86	25						false										
ON023025.1	4969	REF	ref	A		111	111	1.0	40.0	60.0	86	25						false										
ON023025.1	4970	REF	ref	G		111	111	1.0	40.0	60.0	86	25						false										
ON023025.1	4971	REF	ref	C		111	111	1.0	40.0	60.0	86	25						false										
ON023025.1	4972	REF	ref	C		111	111	1.0	40.0	60.0	86	25						false										
ON023025.1	4973	REF	ref	A		111	111	1.0	39.85585585585586	60.0	86	25						false										
ON023025.1	4974	REF	ref	G		111	111	1.0	39.711711711711715	60.0	86	25						false										
ON023025.1	4975	REF	ref	G		111	111	1.0	47.06306306306306	60.0	75	36						false										
ON023025.1	4976	REF	ref	A		110	110	1.0	47.27272727272727	60.0	74	36						false										
ON023025.1	4977	REF	ref	A		105	0	0.0			0	0						false										
ON023025.1	4977	SNV	alt	A	G	105	105	1.0	50.285714285714285	60.0	0	0	74	31	1.0	Ts		true	UQK62733.1	cds-UQK62733.1	+	ACC	GCC	T	A	37	1	missense
ON023025.1	4978	REF	ref	C		105	105	1.0	50.285714285714285	60.0	74	31						false										
ON023025.1	4979	REF	ref	C		105	105	1.0	50.285714285714285	60.0	74	31						false										
ON023025.1	4980	REF	ref	G		105	105	1.0	50.285714285714285	60.0	74	31						false										
ON023025.1	4981	REF	ref	T		105	105	1.0	50.285714285714285	60.0	74	31						false										
ON023025.1	4982	REF	ref	A		105	105	1.0	55.08571428571429	60.0	68	37						false										
ON023025.1	4983	REF	ref	A		105	105	1.0	52.12380952380953	60.0	62	43						false										
ON023025.1	4984	REF	ref	C		105	105	1.0	52.41904761904762	60.0	62	43						false										
ON023025.1	4985	REF	ref	C		105	105	1.0	52.57142857142857	60.0	62	43						false										
ON023025.1	4986	REF	ref	A		105	105	1.0	52.266666666666666	60.0	62	43						false										
ON023025.1	4987	REF	ref	A		105	105	1.0	52.57142857142857	60.0	62	43						false										
ON023025.1	4988	REF	ref	C		105	105	1.0	52.41904761904762	60.0	62	43						false										
ON023025.1	4989	REF	ref	C		105	105	1.0	52.57142857142857	60.0	62	43						false										
ON023025.1	4990	REF	ref	G		105	105	1.0	52.41904761904762	60.0	62	43						false										
ON023025.1	4991	REF	ref	T		105	105	1.0	52.57142857142857	60.0	62	43						false										
ON023025.1	4992	REF	ref	C		105	105	1.0	52.57142857142857	60.0	62	43						false										
ON023025.1	4993	REF	ref	C		105	105	1.0	52.57142857142857	60.0	62	43						false										
ON023025.1	4994	REF	ref	A		105	105	1.0	51.97142857142857	60.0	62	43						false										
ON023025.1	4995	REF	ref	C		104	104	1.0	52.53846153846154	60.0	61	43						false										
ON023025.1	4996	REF	ref	C		105	105	1.0	52.57142857142857	60.0	62	43						false										
ON023025.1	4997	REF	ref	T		105	105	1.0	52.41904761904762	60.0	62	43						false										
ON023025.1	4998	REF	ref	G		103	103	1.0	52.66019417475728	60.0	60	43						false										
ON023025.1	4999	REF	ref	T		103	103	1.0	52.81553398058252	60.0	60	43						false										
ON023025.1	5000	REF	ref	A		103	103	1.0	52.66019417475728	60.0	60	43						false										
ON023025.1	5001	REF	ref	C		103	103	1.0	52.81553398058252	60.0	60	43						false										
ON023025.1	5002	REF	ref	C		103	103	1.0	52.66019417475728	60.0	60	43						false										
ON023025.1	5003	REF	ref	A		103	103	1.0	52.81553398058252	60.0	60	43						false										
ON023025.1	5004	REF	ref	C		103	103	1.0	52.349514563106794	60.0	60	43						false										
ON023025.1	5005	REF	ref	C		103	103	1.0	52.81553398058252	60.0	60	43						false										
ON023025.1	5006	REF	ref	C		103	103	1.0	52.66019417475728	60.0	60	43						false										
ON023025.1	5007	REF	ref	A		123	123	1.0	49.951219512195124	60.0	80	43						false										
ON023025.1	5008	REF	ref	G		123	123	1.0	50.60162601626016	60.0	80	43						false										
ON023025.1	5009	REF	ref	A		123	123	1.0	49.82113821138211	60.0	80	43						false										
ON023025.1	5010	REF	ref	T		119	119	1.0	50.016806722689076	60.0	76	43						false										
ON023025.1	5011	REF	ref	T		123	123	1.0	50.34146341463415	60.0	80	43						false										
ON023025.1	5012	REF	ref	A		123	123	1.0	50.60162601626016	60.0	80	43						false										
ON023025.1	5013	REF	ref	T		123	123	1.0	50.60162601626016	60.0	80	43						false										
ON023025.1	5014	REF	ref	A		123	123	1.0	50.47154471544715	60.0	80	43						false										
ON023025.1	5015	REF	ref	T		123	123	1.0	50.73170731707317	60.0	80	43						false										
ON023025.1	5016	REF	ref	G		122	122	1.0	50.81967213114754	60.0	79	43						false										
ON023025.1	5017	REF	ref	T		123	123	1.0	44.09756097560975	60.0	71	52						false										
ON023025.1	5018	REF	ref	G		123	123	1.0	44.09756097560975	60.0	71	52						false										
ON023025.1	5019	REF	ref	C		132	132	1.0	43.93939393939394	60.0	80	52						false										
ON023025.1	5020	REF	ref	C		132	132	1.0	43.81818181818182	60.0	80	52						false										
ON023025.1	5021	REF	ref	C		132	132	1.0	43.93939393939394	60.0	80	52						false										
ON023025.1	5022	REF	ref	C		132	132	1.0	43.696969696969695	60.0	80	52						false										
ON023025.1	5023	REF	ref	C		132	132	1.0	39.63636363636363	60.0	73	59						false										
ON023025.1	5024	REF	ref	G		131	131	1.0	40.0	60.0	72	59						false										
ON023025.1	5025	REF	ref	C		132	132	1.0	40.0	60.0	73	59						false										
ON023025.1	5026	REF	ref	C		132	132	1.0	39.878787878787875	60.0	73	59						false										
ON023025.1	5027	REF	ref	A		132	132	1.0	39.878787878787875	60.0	73	59						false										
ON023025.1	5028	REF	ref	A		132	132	1.0	40.0	60.0	73	59						false										
ON023025.1	5029	REF	ref	T		131	131	1.0	39.87786259541985	60.0	72	59						false										
ON023025.1	5030	REF	ref	A		132	131	0.9924242424242424	40.0	60.0	72	59						false										
ON023025.1	5030	SNV	alt	A	C	132	1	0.007575757575757576	24.0	60.0	72	59	1	0	0.9999999999999498	Tv		true	UQK62733.1	cds-UQK62733.1	+	ATA	ATC	I	I	54	3	synonymous
ON023025.1	5031	REF	ref	C		132	132	1.0	40.0	60.0	73	59						false										
ON023025.1	5032	REF	ref	C		132	132	1.0	39.878787878787875	60.0	73	59						false										
ON023025.1	5033	REF	ref	C		132	132	1.0	39.878787878787875	60.0	73	59						false										
ON023025.1	5034	REF	ref	C		131	131	1.0	39.7557251908397	60.0	72	59						false										
ON023025.1	5035	REF	ref	G		132	132	1.0	39.15151515151515	60.0	73	59						false										
ON023025.1	5036	REF	ref	T		132	132	1.0	39.63636363636363	60.0	73	59						false										
ON023025.1	5037	REF	ref	A		132	132	1.0	39.878787878787875	60.0	73	59						false										
ON023025.1	5038	REF	ref	G		132	132	1.0	40.0	60.0	73	59						false										
ON023025.1	5039	REF	ref	A		132	132	1.0	39.75757575757576	60.0	73	59						false										
ON023025.1	5040	REF	ref	G		132	132	1.0	40.0	60.0	73	59						false										
ON023025.1	5041	REF	ref	A		131	131	1.0	39.87786259541985	60.0	72	59						false										
ON023025.1	5042	REF	ref	A		132	132	1.0	40.0	60.0	73	59						false										
ON023025.1	5043	REF	ref	C		132	132	1.0	40.0	60.0	73	59						false										
ON023025.1	5044	REF	ref	C		132	132	1.0	40.0	60.0	73	59						false										
ON023025.1	5045	REF	ref	G		132	132	1.0	39.75757575757576	60.0	73	59						false										
ON023025.1	5046	REF	ref	T		132	132	1.0	40.0	60.0	73	59						false										
ON023025.1	5047	REF	ref	G		132	132	1.0	40.0	60.0	73	59						false										
ON023025.1	5048	REF	ref	T		132	132	1.0	42.18181818181818	60.0	70	62						false										
ON023025.1	5049	REF	ref	G		132	132	1.0	42.42424242424242	60.0	70	62						false										
ON023025.1	5050	REF	ref	T		131	131	1.0	42.44274809160305	60.0	69	62						false										
ON023025.1	5051	REF	ref	A		132	132	1.0	42.06060606060606	60.0	70	62						false										
ON023025.1	5052	REF	ref	A		131	131	1.0	41.954198473282446	60.0	69	62						false										
ON023025.1	5053	REF	ref	A		132	132	1.0	42.18181818181818	60.0	70	62						false										
ON023025.1	5054	REF	ref	A		132	132	1.0	42.42424242424242	60.0	70	62						false										
ON023025.1	5055	REF	ref	G		140	140	1.0	42.17142857142857	60.0	78	62						false										
ON023025.1	5056	REF	ref	A		140	140	1.0	42.17142857142857	60.0	78	62						false										
ON023025.1	5057	REF	ref	T		140	140	1.0	42.285714285714285	60.0	78	62						false										
ON023025.1	5058	REF	ref	A		139	139	1.0	41.9568345323741	60.0	77	62						false										
ON023025.1	5059	REF	ref	C		140	140	1.0	42.285714285714285	60.0	78	62						false										
ON023025.1	5060	REF	ref	A		138	137	0.9927536231884058	42.21897810218978	60.0	76	61						false										
ON023025.1	5060	SNV	alt	A	G	138	1	0.007246376811594203	24.0	60.0	76	61	0	1	0.44927536231883325	Ts		true	UQK62733.1	cds-UQK62733.1	+	ACA	ACG	T	T	64	3	synonymous
ON023025.1	5061	REF	ref	G		139	0	0.0			0	0						false										
ON023025.1	5061	SNV	alt	G	C	139	139	1.0	42.18705035971223	60.0	0	0	77	62	1.0	Tv		true	UQK62733.1	cds-UQK62733.1	+	GAT	CAT	D	H	65	1	missense
ON023025.1	5062	REF	ref	A		113	113	1.0	42.690265486725664	60.0	51	62						false										
ON023025.1	5063	REF	ref	T		113	113	1.0	42.54867256637168	60.0	51	62						false										
ON023025.1	5064	REF	ref	G		113	113	1.0	42.83185840707964	60.0	51	62						false										
ON023025.1	5065	REF	ref	C		113	113	1.0	42.83185840707964	60.0	51	62						false										
ON023025.1	5066	REF	ref	T		113	113	1.0	42.690265486725664	60.0	51	62						false										
ON023025.1	5067	REF	ref	G		113	113	1.0	42.4070796460177	60.0	51	62						false										
ON023025.1	5068	REF	ref	T		113	113	1.0	39.85840707964602	60.0	46	67						false										
ON023025.1	5069	REF	ref	A		112	112	1.0	40.0	60.0	45	67						false										
ON023025.1	5070	REF	ref	G		112	112	1.0	40.0	60.0	45	67						false										
ON023025.1	5071	REF	ref	A		113	112	0.9911504424778761	40.0	60.0	45	67						false										
ON023025.1	5071	SNV	alt	A	C	113	1	0.008849557522123894	24.0	60.0	45	67	1	0	0.4070796460177128	Tv		true	UQK62733.1	cds-UQK62733.1	+	GAA	GCA	E	A	68	2	missense
ON023025.1	5072	REF	ref	A		113	113	1.0	40.0	60.0	46	67						false										
ON023025.1	5073	REF	ref	T		113	113	1.0	40.0	60.0	46	67						false										
ON023025.1	5074	REF	ref	A		113	113	1.0	40.0	60.0	46	67						false										
ON023025.1	5075	REF	ref	T		113	0	0.0			0	0						false										
ON023025.1	5075	SNV	alt	T	C	113	113	1.0	39.85840707964602	60.0	0	0	46	67	1.0	Ts		true	UQK62733.1	cds-UQK62733.1	+	TAT	TAC	Y	Y	69	3	synonymous
ON023025.1	5076	REF	ref	A		113	113	1.0	39.85840707964602	60.0	46	67						false										
ON023025.1	5077	REF	ref	A		113	113	1.0	40.0	60.0	46	67						false										
ON023025.1	5078	REF	ref	G		116	116	1.0	41.37931034482759	59.793103448275865	47	69						false										
ON023025.1	5079	REF	ref	T		117	97	0.8290598290598291	41.48453608247423	59.75257731958763	48	49						false										
ON023025.1	5079	SNV	alt	T	G	117	20	0.17094017094017094	40.0	60.0	48	49	0	20	7.875350089585243e-6	Tv		true	UQK62733.1	cds-UQK62733.1	+	TTA	GTA	L	V	71	1	missense
ON023025.1	5080	REF	ref	T		117	117	1.0	41.36752136752137	59.794871794871796	48	69						false										
ON023025.1	5081	REF	ref	A		116	116	1.0	41.37931034482759	59.793103448275865	47	69						false										
ON023025.1	5082	REF	ref	C		117	117	1.0	41.36752136752137	59.794871794871796	48	69						false										
ON023025.1	5083	REF	ref	T		116	116	1.0	41.37931034482759	59.793103448275865	47	69						false										
ON023025.1	5084	REF	ref	A		116	116	1.0	41.241379310344826	59.793103448275865	47	69						false										
ON023025.1	5085	REF	ref	A		117	117	1.0	41.23076923076923	59.794871794871796	48	69						false										
ON023025.1	5086	REF	ref	C		117	117	1.0	41.23076923076923	59.794871794871796	48	69						false										
ON023025.1	5087	REF	ref	C		117	0	0.0			0	0						false										
ON023025.1	5087	SNV	alt	C	T	117	117	1.0	41.36752136752137	59.794871794871796	0	0	48	69	1.0	Ts		true	UQK62733.1	cds-UQK62733.1	+	ACC	ACT	T	T	73	3	synonymous
ON023025.1	5088	REF	ref	C		117	117	1.0	41.36752136752137	59.794871794871796	48	69						false										
ON023025.1	5089	REF	ref	G		116	116	1.0	41.37931034482759	59.793103448275865	47	69						false										
ON023025.1	5090	REF	ref	T		116	116	1.0	41.37931034482759	59.793103448275865	47	69						false										
ON023025.1	5091	REF	ref	T		116	116	1.0	41.37931034482759	59.793103448275865	47	69						false										
ON023025.1	5092	REF	ref	A		117	117	1.0	43.965811965811966	59.794871794871796	43	74						false										
ON023025.1	5093	REF	ref	T		117	117	1.0	44.1025641025641	59.794871794871796	43	74						false										
ON023025.1	5094	REF	ref	G		116	116	1.0	44.13793103448276	59.793103448275865	42	74						false										
ON023025.1	5095	REF	ref	A		117	117	1.0	44.1025641025641	59.794871794871796	43	74						false										
ON023025.1	5096	REF	ref	G		117	0	0.0			0	0						false										
ON023025.1	5096	SNV	alt	G	A	117	117	1.0	43.965811965811966	59.794871794871796	0	0	43	74	1.0	Ts		true	UQK62733.1	cds-UQK62733.1	+	GAG	GAA	E	E	76	3	synonymous
ON023025.1	5097	REF	ref	C		117	117	1.0	43.82905982905983	59.794871794871796	43	74						false										
ON023025.1	5098	REF	ref	A		144	144	1.0	43.22222222222222	59.833333333333336	43	101						false										
ON023025.1	5099	REF	ref	A		144	144	1.0	43.111111111111114	59.833333333333336	43	101						false										
ON023025.1	5100	REF	ref	C		144	144	1.0	43.111111111111114	59.833333333333336	43	101						false										
ON023025.1	5101	REF	ref	A		143	143	1.0	43.35664335664335	59.83216783216783	42	101						false										
ON023025.1	5102	REF	ref	T		143	143	1.0	43.13286713286713	59.83216783216783	42	101						false										
ON023025.1	5103	REF	ref	G		155	155	1.0	43.096774193548384	59.84516129032258	54	101						false										
ON023025.1	5104	REF	ref	T		157	157	1.0	42.64968152866242	59.847133757961785	56	101						false										
ON023025.1	5105	REF	ref	A		138	138	1.0	43.2463768115942	59.82608695652174	56	82						false										
ON023025.1	5106	REF	ref	A		129	129	1.0	43.348837209302324	59.81395348837209	47	82						false										
ON023025.1	5107	REF	ref	T		128	128	1.0	43.625	59.8125	46	82						false										
ON023025.1	5108	REF	ref	T		128	128	1.0	43.5	59.8125	46	82						false										
ON023025.1	5109	REF	ref	A		129	129	1.0	43.47286821705426	59.81395348837209	47	82						false										
ON023025.1	5110	REF	ref	G		129	129	1.0	43.47286821705426	59.81395348837209	47	82						false										
ON023025.1	5111	REF	ref	A		129	129	1.0	43.348837209302324	59.81395348837209	47	82						false										
ON023025.1	5112	REF	ref	A		127	127	1.0	43.653543307086615	59.811023622047244	46	81						false										
ON023025.1	5113	REF	ref	T		128	128	1.0	43.625	59.8125	47	81						false										
ON023025.1	5114	REF	ref	G		128	128	1.0	43.75	59.8125	46	82						false										
ON023025.1	5115	REF	ref	C		129	129	1.0	43.5968992248062	59.81395348837209	47	82						false										
ON023025.1	5116	REF	ref	T		128	128	1.0	43.625	59.8125	46	82						false										
ON023025.1	5117	REF	ref	T		129	129	1.0	43.47286821705426	59.81395348837209	47	82						false										
ON023025.1	5118	REF	ref	A		129	129	1.0	43.348837209302324	59.81395348837209	47	82						false										
ON023025.1	5119	REF	ref	G		129	129	1.0	43.10077519379845	59.81395348837209	47	82						false										
ON023025.1	5120	REF	ref	A		129	129	1.0	43.348837209302324	59.81395348837209	47	82						false										
ON023025.1	5121	REF	ref	T		128	128	1.0	43.5	59.8125	47	81						false										
ON023025.1	5122	REF	ref	T		128	128	1.0	43.75	59.8125	46	82						false										
ON023025.1	5123	REF	ref	G		127	127	1.0	43.77952755905512	59.811023622047244	46	81						false										
ON023025.1	5124	REF	ref	T		128	128	1.0	43.5	59.8125	47	81						false										
ON023025.1	5125	REF	ref	G		129	129	1.0	43.47286821705426	59.81395348837209	47	82						false										
ON023025.1	5126	REF	ref	T		109	109	1.0	44.11009174311926	59.77981651376147	47	62						false										
ON023025.1	5127	REF	ref	A		108	108	1.0	44.2962962962963	59.77777777777778	47	61						false										
ON023025.1	5128	REF	ref	A		102	102	1.0	44.23529411764706	59.76470588235294	47	55						false										
ON023025.1	5129	REF	ref	T		102	102	1.0	44.549019607843135	59.76470588235294	47	55						false										
ON023025.1	5130	REF	ref	A		102	102	1.0	44.3921568627451	59.76470588235294	47	55						false										
ON023025.1	5131	REF	ref	T		100	100	1.0	44.8	59.76	46	54						false										
ON023025.1	5132	REF	ref	G		102	102	1.0	44.549019607843135	59.76470588235294	47	55						false										
ON023025.1	5133	REF	ref	T		89	89	1.0	45.21348314606742	59.73033707865169	47	42						false										
ON023025.1	5134	REF	ref	A		89	89	1.0	45.03370786516854	59.73033707865169	47	42						false										
ON023025.1	5135	REF	ref	T		89	89	1.0	45.21348314606742	59.73033707865169	47	42						false										
ON023025.1	5136	REF	ref	A		88	88	1.0	45.27272727272727	59.72727272727273	46	42						false										
ON023025.1	5137	REF	ref	C		88	88	1.0	45.27272727272727	59.72727272727273	46	42						false										
ON023025.1	5138	REF	ref	A		88	88	1.0	45.09090909090909	59.72727272727273	46	42						false										
ON023025.1	5139	REF	ref	A		88	88	1.0	45.27272727272727	59.72727272727273	46	42						false										
ON023025.1	5140	REF	ref	A		89	89	1.0	44.853932584269664	59.73033707865169	47	42						false										
ON023025.1	5141	REF	ref	T		88	88	1.0	44.90909090909091	59.72727272727273	46	42						false										
ON023025.1	5142	REF	ref	T		89	89	1.0	44.674157303370784	59.73033707865169	47	42						false										
ON023025.1	5143	REF	ref	T		87	87	1.0	44.96551724137931	59.724137931034484	45	42						false										
ON023025.1	5144	REF	ref	G		89	89	1.0	44.853932584269664	59.73033707865169	47	42						false										
ON023025.1	5145	REF	ref	G		88	88	1.0	45.45454545454545	59.72727272727273	46	42						false										
ON023025.1	5146	REF	ref	A		89	89	1.0	45.03370786516854	59.73033707865169	47	42						false										
ON023025.1	5147	REF	ref	A		89	89	1.0	45.21348314606742	59.73033707865169	47	42						false										
ON023025.1	5148	REF	ref	A		97	97	1.0	44.94845360824742	59.75257731958763	47	50						false										
ON023025.1	5149	REF	ref	A		97	97	1.0	44.94845360824742	59.75257731958763	46	51						false										
ON023025.1	5150	REF	ref	A		97	97	1.0	44.78350515463917	59.75257731958763	46	51						false										
ON023025.1	5151	REF	ref	T		98	98	1.0	44.734693877551024	59.755102040816325	47	51						false										
ON023025.1	5152	REF	ref	A		98	98	1.0	44.734693877551024	59.755102040816325	47	51						false										
ON023025.1	5153	REF	ref	A		98	98	1.0	44.57142857142857	59.755102040816325	47	51						false										
ON023025.1	5154	REF	ref	A		98	98	1.0	44.734693877551024	59.755102040816325	47	51						false										
ON023025.1	5155	REF	ref	T		98	98	1.0	44.57142857142857	59.755102040816325	47	51						false										
ON023025.1	5156	REF	ref	G		97	97	1.0	44.618556701030926	59.75257731958763	46	51						false										
ON023025.1	5157	REF	ref	G		98	98	1.0	44.734693877551024	59.755102040816325	47	51						false										
ON023025.1	5158	REF	ref	C		78	78	1.0	45.743589743589745	59.69230769230769	27	51						false										
ON023025.1	5159	REF	ref	T		78	77	0.9871794871794872	45.714285714285715	59.688311688311686	27	50						false										
ON023025.1	5159	SNV	alt	T	C	78	1	0.01282051282051282	80.0	60.0	27	50	0	1	0.9999999999999427	Ts		false										
ON023025.1	5160	REF	ref	T		77	77	1.0	46.02597402597402	59.688311688311686	26	51						false										
ON023025.1	5161	REF	ref	A		78	0	0.0			0	0						false										
ON023025.1	5161	SNV	alt	A	C	78	78	1.0	45.53846153846154	59.69230769230769	0	0	27	51	1.0	Tv		false										
ON023025.1	5162	REF	ref	A		78	78	1.0	45.743589743589745	59.69230769230769	27	51						false										
ON023025.1	5163	REF	ref	A		78	78	1.0	46.15384615384615	59.69230769230769	27	51						false										
ON023025.1	5164	REF	ref	T		78	78	1.0	46.15384615384615	59.69230769230769	27	51						false										
ON023025.1	5165	REF	ref	A		79	79	1.0	45.67088607594937	59.69620253164557	26	53						false										
ON023025.1	5166	REF	ref	A		79	79	1.0	46.075949367088604	59.69620253164557	26	53						false										
ON023025.1	5167	REF	ref	A		79	79	1.0	45.67088607594937	59.69620253164557	26	53						false										
ON023025.1	5168	REF	ref	T		80	80	1.0	45.8	59.7	27	53						false										
ON023025.1	5169	REF	ref	A		80	80	1.0	45.8	59.7	27	53						false										
ON023025.1	5170	REF	ref	A		71	71	1.0	45.859154929577464	59.66197183098591	18	53						false										
ON023025.1	5171	REF	ref	C		71	71	1.0	46.53521126760563	59.66197183098591	18	53						false										
ON023025.1	5172	REF	ref	T		71	71	1.0	46.76056338028169	59.66197183098591	18	53						false										
ON023025.1	5173	REF	ref	A		70	70	1.0	46.857142857142854	59.65714285714286	18	52						false										
ON023025.1	5174	REF	ref	A		71	71	1.0	46.76056338028169	59.66197183098591	18	53						false										
ON023025.1	5175	REF	ref	T		71	71	1.0	46.76056338028169	59.66197183098591	18	53						false										
ON023025.1	5176	REF	ref	A		71	71	1.0	46.76056338028169	59.66197183098591	18	53						false										
ON023025.1	5177	REF	ref	G		71	71	1.0	46.309859154929576	59.66197183098591	18	53						false										
ON023025.1	5178	REF	ref	T		71	71	1.0	46.76056338028169	59.66197183098591	18	53						false										
ON023025.1	5179	REF	ref	G		71	71	1.0	46.76056338028169	59.66197183098591	18	53						false										
ON023025.1	5180	REF	ref	T		71	71	1.0	46.76056338028169	59.66197183098591	18	53						false										
ON023025.1	5181	REF	ref	A		70	70	1.0	46.857142857142854	59.65714285714286	17	53						false										
ON023025.1	5182	REF	ref	T		71	71	1.0	46.76056338028169	59.66197183098591	18	53						false										
ON023025.1	5183	REF	ref	G		80	80	1.0	45.8	59.7	18	62						false										
ON023025.1	5184	REF	ref	T		80	80	1.0	45.8	59.7	18	62						false										
ON023025.1	5185	REF	ref	T		80	80	1.0	46.0	59.7	18	62						false										
ON023025.1	5186	REF	ref	G		80	80	1.0	46.0	59.7	18	62						false										
ON023025.1	5187	REF	ref	C		80	80	1.0	45.6	59.7	18	62						false										
ON023025.1	5188	REF	ref	T		79	79	1.0	45.87341772151899	59.69620253164557	18	61						false										
ON023025.1	5189	REF	ref	T		80	80	1.0	45.8	59.7	18	62						false										
ON023025.1	5190	REF	ref	T		80	80	1.0	45.4	59.7	18	62						false										
ON023025.1	5191	REF	ref	A		80	80	1.0	46.0	59.7	18	62						false										
ON023025.1	5192	REF	ref	A		80	80	1.0	45.4	59.7	18	62						false										
ON023025.1	5193	REF	ref	A		80	80	1.0	46.0	59.7	18	62						false										
ON023025.1	5194	REF	ref	A		80	80	1.0	46.0	59.7	18	62						false										
ON023025.1	5195	REF	ref	A		80	80	1.0	46.0	59.7	18	62						false										
ON023025.1	5196	REF	ref	T		80	80	1.0	45.6	59.7	18	62						false										
ON023025.1	5197	REF	ref	T		78	78	1.0	45.94871794871795	59.69230769230769	18	60						false										
ON023025.1	5198	REF	ref	T		80	80	1.0	45.6	59.7	18	62						false										
ON023025.1	5199	REF	ref	T		72	0	0.0			0	0						false										
ON023025.1	5199	SNV	alt	T	A	72	72	1.0	46.666666666666664	59.666666666666664	0	0	18	54	1.0	Tv		false										
ON023025.1	5200	REF	ref	A		72	72	1.0	46.22222222222222	59.666666666666664	18	54						false										
ON023025.1	5201	REF	ref	A		72	72	1.0	46.22222222222222	59.666666666666664	18	54						false										
ON023025.1	5202	REF	ref	A		72	72	1.0	46.22222222222222	59.666666666666664	18	54						false										
ON023025.1	5203	REF	ref	G		71	71	1.0	46.76056338028169	59.66197183098591	18	53						false										
ON023025.1	5204	REF	ref	A		68	68	1.0	44.470588235294116	60.0	16	52						false										
ON023025.1	5205	REF	ref	A		67	67	1.0	44.53731343283582	60.0	16	51						false										
ON023025.1	5206	REF	ref	G		68	68	1.0	39.05882352941177	60.0	13	55						false										
ON023025.1	5207	REF	ref	A		68	68	1.0	39.529411764705884	60.0	13	55						false										
ON023025.1	5208	REF	ref	C		68	68	1.0	40.0	60.0	13	55						false										
ON023025.1	5209	REF	ref	A		68	68	1.0	40.0	60.0	13	55						false										
ON023025.1	5210	REF	ref	C		68	68	1.0	39.76470588235294	60.0	13	55						false										
ON023025.1	5211	REF	ref	C		68	68	1.0	40.0	60.0	13	55						false										
ON023025.1	5212	REF	ref	A		68	68	1.0	39.76470588235294	60.0	13	55						false										
ON023025.1	5213	REF	ref	A		68	68	1.0	39.76470588235294	60.0	13	55						false										
ON023025.1	5214	REF	ref	A		68	68	1.0	39.529411764705884	60.0	13	55						false										
ON023025.1	5215	REF	ref	T		68	68	1.0	39.529411764705884	60.0	13	55						false										
ON023025.1	5216	REF	ref	C		68	68	1.0	39.76470588235294	60.0	13	55						false										
ON023025.1	5217	REF	ref	A		68	68	1.0	39.76470588235294	60.0	13	55						false										
ON023025.1	5218	REF	ref	G		68	68	1.0	40.0	60.0	13	55						false										
ON023025.1	5219	REF	ref	A		68	68	1.0	39.294117647058826	60.0	13	55						false										
ON023025.1	5220	REF	ref	T		68	68	1.0	40.0	60.0	13	55						false										
ON023025.1	5221	REF	ref	G		68	68	1.0	39.76470588235294	60.0	13	55						false										
ON023025.1	5222	REF	ref	C		68	68	1.0	40.0	60.0	13	55						false										
ON023025.1	5223	REF	ref	C		68	68	1.0	39.76470588235294	60.0	13	55						false										
ON023025.1	5224	REF	ref	G		68	68	1.0	39.76470588235294	60.0	13	55						false										
ON023025.1	5225	REF	ref	C		68	68	1.0	39.76470588235294	60.0	13	55						false										
ON023025.1	5226	REF	ref	C		68	68	1.0	39.76470588235294	60.0	13	55						false										
ON023025.1	5227	REF	ref	G		68	68	1.0	39.76470588235294	60.0	13	55						false										
ON023025.1	5228	REF	ref	G		68	68	1.0	39.529411764705884	60.0	13	55						false										
ON023025.1	5229	REF	ref	T		68	68	1.0	39.76470588235294	60.0	13	55						false										
ON023025.1	5230	REF	ref	C		68	68	1.0	40.0	60.0	13	55						false										
ON023025.1	5231	REF	ref	G		68	68	1.0	39.76470588235294	60.0	13	55						false										
ON023025.1	5232	REF	ref	C		68	68	1.0	39.76470588235294	60.0	13	55						false										
ON023025.1	5233	REF	ref	C		67	67	1.0	38.56716417910448	60.0	12	55						false										
ON023025.1	5234	REF	ref	G		68	68	1.0	40.0	60.0	13	55						false										
ON023025.1	5235	REF	ref	C		68	68	1.0	40.0	60.0	13	55						false										
ON023025.1	5236	REF	ref	C		68	68	1.0	39.76470588235294	60.0	13	55						false										
ON023025.1	5237	REF	ref	G		68	68	1.0	40.0	60.0	13	55						false										
ON023025.1	5238	REF	ref	G		67	67	1.0	39.52238805970149	60.0	13	54						false										
ON023025.1	5239	REF	ref	T		67	67	1.0	39.76119402985075	60.0	13	54						false										
ON023025.1	5240	REF	ref	A		68	68	1.0	39.294117647058826	60.0	13	55						false										
ON023025.1	5241	REF	ref	G		67	67	1.0	39.52238805970149	60.0	13	54						false										
ON023025.1	5242	REF	ref	G		68	68	1.0	40.0	60.0	13	55						false										
ON023025.1	5243	REF	ref	C		60	60	1.0	39.46666666666667	60.0	13	47						false										
ON023025.1	5244	REF	ref	G		60	60	1.0	40.0	60.0	13	47						false										
ON023025.1	5245	REF	ref	G		60	60	1.0	39.733333333333334	60.0	13	47						false										
ON023025.1	5246	REF	ref	G		59	59	1.0	40.0	60.0	13	46						false										
ON023025.1	5247	REF	ref	A		60	60	1.0	39.2	60.0	13	47						false										
ON023025.1	5248	REF	ref	C		60	60	1.0	39.46666666666667	60.0	13	47						false										
ON023025.1	5249	REF	ref	T		33	33	1.0	40.0	60.0	13	20						false										
ON023025.1	5250	REF	ref	T		33	33	1.0	40.0	60.0	13	20						false										
ON023025.1	5251	REF	ref	C		33	33	1.0	39.515151515151516	60.0	13	20						false										
ON023025.1	5252	REF	ref	C		33	33	1.0	40.0	60.0	13	20						false										
ON023025.1	5253	REF	ref	G		31	31	1.0	40.0	60.0	13	18						false										
ON023025.1	5254	REF	ref	G		20	20	1.0	40.0	60.0	0	20						false										
ON023025.1	5255	REF	ref	T		20	20	1.0	39.2	60.0	0	20						false										
ON023025.1	5256	REF	ref	A		20	20	1.0	40.0	60.0	0	20						false										
ON023025.1	5257	REF	ref	C		20	20	1.0	39.2	60.0	0	20						false										
ON023025.1	5258	REF	ref	A		20	20	1.0	40.0	60.0	0	20						false										
ON023025.1	5259	REF	ref	A		20	20	1.0	40.0	60.0	0	20						false										
ON023025.1	5260	REF	ref	G		20	20	1.0	40.0	60.0	0	20						false										
ON023025.1	5261	REF	ref	A		20	20	1.0	39.2	60.0	0	20						false										
ON023025.1	5262	REF	ref	T		20	20	1.0	39.2	60.0	0	20						false										
ON023025.1	5263	REF	ref	G		20	20	1.0	40.0	60.0	0	20						false										
ON023025.1	5264	REF	ref	G		20	20	1.0	40.0	60.0	0	20						false										
ON023025.1	5265	REF	ref	C		20	20	1.0	40.0	60.0	0	20						false										
ON023025.1	5266	REF	ref	G		20	20	1.0	40.0	60.0	0	20						false										
ON023025.1	5267	REF	ref	G		20	20	1.0	40.0	60.0	0	20						false										
ON023025.1	5268	REF	ref	A		20	20	1.0	40.0	60.0	0	20						false										
ON023025.1	5269	REF	ref	C		20	20	1.0	40.0	60.0	0	20						false										
ON023025.1	5270	REF	ref	A		20	20	1.0	39.2	60.0	0	20						false										
ON023025.1	5271	REF	ref	A		20	0	0.0			0	0						false										
ON023025.1	5271	SNV	alt	A	G	20	20	1.0	39.2	60.0	0	0	0	20	1.0	Ts		false										
ON023025.1	5272	REF	ref	C		20	20	1.0	40.0	60.0	0	20						false										
ON023025.1	5273	REF	ref	T		20	20	1.0	40.0	60.0	0	20						false										
ON023025.1	5274	REF	ref	A		20	20	1.0	39.2	60.0	0	20						false										
ON023025.1	5275	REF	ref	C		20	20	1.0	40.0	60.0	0	20						false										
ON023025.1	5276	REF	ref	G		20	20	1.0	40.0	60.0	0	20						false										
ON023025.1	5277	REF	ref	T		20	20	1.0	39.2	60.0	0	20						false										
ON023025.1	5278	REF	ref	C		20	20	1.0	40.0	60.0	0	20						false										
ON023025.1	5279	REF	ref	A		20	20	1.0	39.2	60.0	0	20						false										
ON023025.1	5280	REF	ref	T		20	20	1.0	40.0	60.0	0	20						false										
ON023025.1	5281	REF	ref	T		20	20	1.0	40.0	60.0	0	20						false										
ON023025.1	5282	REF	ref	T		19	19	1.0	40.0	60.0	0	19						false										
ON023025.1	5283	REF	ref	C		20	20	1.0	39.2	60.0	0	20						false										
ON023025.1	5284	REF	ref	C		20	20	1.0	39.2	60.0	0	20						false										
ON023025.1	5285	REF	ref	T		20	20	1.0	39.2	60.0	0	20						false										
ON023025.1	5286	REF	ref	G		20	20	1.0	40.0	60.0	0	20						false										
ON023025.1	5287	REF	ref	T		20	20	1.0	39.2	60.0	0	20						false										
ON023025.1	5288	REF	ref	G		20	20	1.0	40.0	60.0	0	20						false										
ON023025.1	5289	REF	ref	A		20	20	1.0	40.0	60.0	0	20						false										
ON023025.1	5290	REF	ref	C		20	20	1.0	40.0	60.0	0	20						false										
ON023025.1	5291	REF	ref	G		20	20	1.0	40.0	60.0	0	20						false										
ON023025.1	5292	REF	ref	T		20	20	1.0	40.0	60.0	0	20						false										
ON023025.1	5293	REF	ref	C		20	20	1.0	40.0	60.0	0	20						false										
ON023025.1	5294	REF	ref	A		20	20	1.0	39.2	60.0	0	20						false										
ON023025.1	5295	REF	ref	T		20	20	1.0	40.0	60.0	0	20						false										
ON023025.1	5296	REF	ref	T		20	20	1.0	39.2	60.0	0	20						false										
ON023025.1	5297	REF	ref	T		20	20	1.0	39.2	60.0	0	20						false										
ON023025.1	5298	REF	ref	C		20	20	1.0	39.2	60.0	0	20						false										
ON023025.1	5299	REF	ref	C		11	11	1.0	40.0	60.0	0	11						false										
ON023025.1	5300	REF	ref	T		11	11	1.0	40.0	60.0	0	11						false										
ON023025.1	5301	REF	ref	G		11	11	1.0	37.09090909090909	60.0	0	11						false										
ON023025.1	5302	REF	ref	T		10	10	1.0	40.0	60.0	0	10						false										
ON023025.1	5303	REF	ref	G		11	11	1.0	40.0	60.0	0	11						false										
ON023025.1	5304	REF	ref	A		11	11	1.0	40.0	60.0	0	11						false										
ON023025.1	5305	REF	ref	C		11	11	1.0	40.0	60.0	0	11						false										
ON023025.1	5306	REF	ref	G		11	11	1.0	40.0	60.0	0	11						false										
ON023025.1	5307	REF	ref	T		11	11	1.0	40.0	60.0	0	11						false										
ON023025.1	5308	REF	ref	C		11	11	1.0	38.54545454545455	60.0	0	11						false										
ON023025.1	5309	REF	ref	A		11	11	1.0	40.0	60.0	0	11						false										
ON023025.1	5310	REF	ref	C		11	11	1.0	40.0	60.0	0	11						false										
ON023025.1	5311	REF	ref	T		11	11	1.0	40.0	60.0	0	11						false										
ON023025.1	5312	REF	ref	T		11	11	1.0	40.0	60.0	0	11						false										
ON023025.1	5313	REF	ref	C		11	11	1.0	40.0	60.0	0	11						false										
ON023025.1	5314	REF	ref	C		11	11	1.0	40.0	60.0	0	11						false										
ON023025.1	5315	REF	ref	G		11	11	1.0	40.0	60.0	0	11						false										
ON023025.1	5316	REF	ref	G		9	9	1.0	40.0	60.0	0	9						false										
ON023025.1	5317	REF	ref	T		9	9	1.0	40.0	60.0	0	9						false										
ON023025.1	5318	REF	ref	G		9	9	1.0	40.0	60.0	0	9						false										
ON023025.1	5319	REF	ref	G		9	9	1.0	40.0	60.0	0	9						false										
ON023025.1	5320	REF	ref	G		9	9	1.0	40.0	60.0	0	9						false										
ON023025.1	5321	REF	ref	C		9	9	1.0	40.0	60.0	0	9						false										
ON023025.1	5322	REF	ref	G		9	9	1.0	40.0	60.0	0	9						false										
ON023025.1	5323	REF	ref	G		9	9	1.0	40.0	60.0	0	9						false										
ON023025.1	5324	REF	ref	G		9	9	1.0	40.0	60.0	0	9						false										
ON023025.1	5325	REF	ref	A		9	9	1.0	40.0	60.0	0	9						false										
ON023025.1	5326	REF	ref	C		9	9	1.0	40.0	60.0	0	9						false										
ON023025.1	5327	REF	ref	T		9	9	1.0	36.44444444444444	60.0	0	9						false										
ON023025.1	5328	REF	ref	T		9	9	1.0	38.22222222222222	60.0	0	9						false										
ON023025.1	5329	REF	ref	C		9	9	1.0	40.0	60.0	0	9						false										
ON023025.1	5330	REF	ref	C		9	9	1.0	36.44444444444444	60.0	0	9						false										
ON023025.1	5331	REF	ref	G		9	9	1.0	36.44444444444444	60.0	0	9						false										
ON023025.1	5332	REF	ref	G		7	7	1.0	40.0	60.0	0	7						false										
ON023025.1	5333	REF	ref	A		9	9	1.0	40.0	60.0	0	9						false										
